10
1
10
 -0.381302  -0.292962   0.505647  0.0297054  -0.158214 -0.0463793  -0.572013   0.256316 -0.0617614   0.297198
 -27.6829  -8.32417   -13.082  -14.4343  -12.9194  -13.1979  -9.09323 -0.228301  -12.2676  -6.67247
  -8.32417   -21.1319 -0.0205554   -9.50617   -4.34345   -10.6852   -11.9234  -0.785107   -3.47094   -2.23082
   -13.082 -0.0205554   -34.3326   -6.20222   -20.8126   -12.1986   -16.9584   -6.13676    -16.971   -2.69215
-14.4343 -9.50617 -6.20222 -19.7261 -10.5163 -6.89402 -13.8686 -1.03559 -9.53061 -6.75289
-12.9194 -4.34345 -20.8126 -10.5163 -24.2031 -5.12878 -16.0547  0.97099 -13.7159 -0.44152
-13.1979 -10.6852 -12.1986 -6.89402 -5.12878 -29.0707 -16.4817 -9.55113 -12.9618 -11.2012
-9.09323 -11.9234 -16.9584 -13.8686 -16.0547 -16.4817  -33.575 -6.63586 -17.3277 -10.0648
-0.228301 -0.785107  -6.13676  -1.03559   0.97099  -9.55113  -6.63586  -23.8559  -4.12992  -7.71339
-12.2676 -3.47094  -16.971 -9.53061 -13.7159 -12.9618 -17.3277 -4.12992 -19.7481 -6.31387
-6.67247 -2.23082 -2.69215 -6.75289 -0.44152 -11.2012 -10.0648 -7.71339 -6.31387 -16.3133
  2.11919   2.83099 -0.487972   1.78865   2.41875        -0        -0        -0        -0        -0
 2.83099 0.452185  0.80543 0.136805 0.405252       -0       -0       -0       -0       -0
-0.487972   0.80543  0.402902  0.992736  0.859704        -0        -0        -0        -0        -0
 1.78865 0.136805 0.992736 0.984064 0.453705       -0       -0       -0       -0       -0
 2.41875 0.405252 0.859704 0.453705  2.96774       -0       -0       -0       -0       -0
      -0       -0       -0       -0       -0 -2.11919 -2.83099 0.487972 -1.78865 -2.41875
       -0        -0        -0        -0        -0  -2.83099 -0.452185  -0.80543 -0.136805 -0.405252
       -0        -0        -0        -0        -0  0.487972  -0.80543 -0.402902 -0.992736 -0.859704
       -0        -0        -0        -0        -0  -1.78865 -0.136805 -0.992736 -0.984064 -0.453705
       -0        -0        -0        -0        -0  -2.41875 -0.405252 -0.859704 -0.453705  -2.96774
  2.90144   1.75221 -0.702509 -0.883248 -0.895449        -0        -0        -0        -0        -0
  1.75221   2.34028   1.73088   2.19933 -0.691695        -0        -0        -0        -0        -0
-0.702509   1.73088   2.13167 -0.352742   2.44865        -0        -0        -0        -0        -0
-0.883248   2.19933 -0.352742  0.519654   1.09729        -0        -0        -0        -0        -0
-0.895449 -0.691695   2.44865   1.09729   1.29237        -0        -0        -0        -0        -0
      -0       -0       -0       -0       -0 -2.90144 -1.75221 0.702509 0.883248 0.895449
      -0       -0       -0       -0       -0 -1.75221 -2.34028 -1.73088 -2.19933 0.691695
      -0       -0       -0       -0       -0 0.702509 -1.73088 -2.13167 0.352742 -2.44865
       -0        -0        -0        -0        -0  0.883248  -2.19933  0.352742 -0.519654  -1.09729
      -0       -0       -0       -0       -0 0.895449 0.691695 -2.44865 -1.09729 -1.29237
  0.902165    2.66536   0.568633 -0.0958282  -0.343745         -0         -0         -0         -0         -0
  2.66536   2.66331 -0.816347   2.73209 -0.847401        -0        -0        -0        -0        -0
 0.568633 -0.816347   2.22468  0.814427  0.618713        -0        -0        -0        -0        -0
-0.0958282    2.73209   0.814427  -0.964154   0.303513         -0         -0         -0         -0         -0
-0.343745 -0.847401  0.618713  0.303513  0.672253        -0        -0        -0        -0        -0
       -0        -0        -0        -0        -0 -0.902165  -2.66536 -0.568633 0.0958282  0.343745
      -0       -0       -0       -0       -0 -2.66536 -2.66331 0.816347 -2.73209 0.847401
       -0        -0        -0        -0        -0 -0.568633  0.816347  -2.22468 -0.814427 -0.618713
       -0        -0        -0        -0        -0 0.0958282  -2.73209 -0.814427  0.964154 -0.303513
       -0        -0        -0        -0        -0  0.343745  0.847401 -0.618713 -0.303513 -0.672253
  2.93056 -0.727074   2.99112 -0.409049 -0.665448        -0        -0        -0        -0        -0
-0.727074  0.281374   2.63591  0.226282 -0.280194        -0        -0        -0        -0        -0
  2.99112   2.63591  -0.29345  0.251005 -0.607032        -0        -0        -0        -0        -0
-0.409049  0.226282  0.251005   2.81563   1.14898        -0        -0        -0        -0        -0
-0.665448 -0.280194 -0.607032   1.14898 -0.244348        -0        -0        -0        -0        -0
      -0       -0       -0       -0       -0 -2.93056 0.727074 -2.99112 0.409049 0.665448
       -0        -0        -0        -0        -0  0.727074 -0.281374  -2.63591 -0.226282  0.280194
       -0        -0        -0        -0        -0  -2.99112  -2.63591   0.29345 -0.251005  0.607032
       -0        -0        -0        -0        -0  0.409049 -0.226282 -0.251005  -2.81563  -1.14898
      -0       -0       -0       -0       -0 0.665448 0.280194 0.607032 -1.14898 0.244348
  1.81235    1.5805 0.0221632   1.06545  0.507794        -0        -0        -0        -0        -0
   1.5805 -0.638375 -0.166013   1.03467   2.36295        -0        -0        -0        -0        -0
0.0221632 -0.166013 0.0222076 -0.559557    1.9186        -0        -0        -0        -0        -0
  1.06545   1.03467 -0.559557     1.772    1.7588        -0        -0        -0        -0        -0
0.507794  2.36295   1.9186   1.7588  2.17858       -0       -0       -0       -0       -0
        -0         -0         -0         -0         -0   -1.81235    -1.5805 -0.0221632   -1.06545  -0.507794
      -0       -0       -0       -0       -0  -1.5805 0.638375 0.166013 -1.03467 -2.36295
        -0         -0         -0         -0         -0 -0.0221632   0.166013 -0.0222076   0.559557    -1.9186
      -0       -0       -0       -0       -0 -1.06545 -1.03467 0.559557   -1.772  -1.7588
       -0        -0        -0        -0        -0 -0.507794  -2.36295   -1.9186   -1.7588  -2.17858
  2.57948 -0.345957 -0.843688   2.31833   1.34238        -0        -0        -0        -0        -0
-0.345957    1.7848 -0.857203   1.69529   1.40599        -0        -0        -0        -0        -0
-0.843688 -0.857203   2.57749  0.537845   1.77351        -0        -0        -0        -0        -0
  2.31833   1.69529  0.537845 -0.659464   1.78282        -0        -0        -0        -0        -0
 1.34238  1.40599  1.77351  1.78282 0.177985       -0       -0       -0       -0       -0
      -0       -0       -0       -0       -0 -2.57948 0.345957 0.843688 -2.31833 -1.34238
      -0       -0       -0       -0       -0 0.345957  -1.7848 0.857203 -1.69529 -1.40599
       -0        -0        -0        -0        -0  0.843688  0.857203  -2.57749 -0.537845  -1.77351
       -0        -0        -0        -0        -0  -2.31833  -1.69529 -0.537845  0.659464  -1.78282
       -0        -0        -0        -0        -0  -1.34238  -1.40599  -1.77351  -1.78282 -0.177985
 -0.534176    2.71952     2.3851 -0.0629736     1.6809         -0         -0         -0         -0         -0
  2.71952   1.96391 -0.728046   2.58897   2.83285        -0        -0        -0        -0        -0
   2.3851 -0.728046  0.721157  0.977045   2.95739        -0        -0        -0        -0        -0
-0.0629736    2.58897   0.977045  -0.485479  -0.781252         -0         -0         -0         -0         -0
   1.6809   2.83285   2.95739 -0.781252 -0.826614        -0        -0        -0        -0        -0
       -0        -0        -0        -0        -0  0.534176  -2.71952   -2.3851 0.0629736   -1.6809
      -0       -0       -0       -0       -0 -2.71952 -1.96391 0.728046 -2.58897 -2.83285
       -0        -0        -0        -0        -0   -2.3851  0.728046 -0.721157 -0.977045  -2.95739
       -0        -0        -0        -0        -0 0.0629736  -2.58897 -0.977045  0.485479  0.781252
      -0       -0       -0       -0       -0  -1.6809 -2.83285 -2.95739 0.781252 0.826614
-0.303778   2.75736 -0.316014  0.220236  0.741927        -0        -0        -0        -0        -0
  2.75736   2.93555 -0.982186   1.21185   2.87842        -0        -0        -0        -0        -0
-0.316014 -0.982186   1.28388   2.90768  0.233489        -0        -0        -0        -0        -0
0.220236  1.21185  2.90768  1.94139  2.71897       -0       -0       -0       -0       -0
0.741927  2.87842 0.233489  2.71897 -0.60706       -0       -0       -0       -0       -0
       -0        -0        -0        -0        -0  0.303778  -2.75736  0.316014 -0.220236 -0.741927
      -0       -0       -0       -0       -0 -2.75736 -2.93555 0.982186 -1.21185 -2.87842
       -0        -0        -0        -0        -0  0.316014  0.982186  -1.28388  -2.90768 -0.233489
       -0        -0        -0        -0        -0 -0.220236  -1.21185  -2.90768  -1.94139  -2.71897
       -0        -0        -0        -0        -0 -0.741927  -2.87842 -0.233489  -2.71897   0.60706
  1.49559 -0.600824    1.5237  0.874449   1.68774        -0        -0        -0        -0        -0
-0.600824    2.1492    1.7359 -0.157742  0.378567        -0        -0        -0        -0        -0
  1.5237   1.7359  1.55447  2.05201 0.880863       -0       -0       -0       -0       -0
 0.874449 -0.157742   2.05201 -0.841669   1.59542        -0        -0        -0        -0        -0
 1.68774 0.378567 0.880863  1.59542 -0.68004       -0       -0       -0       -0       -0
       -0        -0        -0        -0        -0  -1.49559  0.600824   -1.5237 -0.874449  -1.68774
       -0        -0        -0        -0        -0  0.600824   -2.1492   -1.7359  0.157742 -0.378567
       -0        -0        -0        -0        -0   -1.5237   -1.7359  -1.55447  -2.05201 -0.880863
       -0        -0        -0        -0        -0 -0.874449  0.157742  -2.05201  0.841669  -1.59542
       -0        -0        -0        -0        -0  -1.68774 -0.378567 -0.880863  -1.59542   0.68004
  2.52538  -0.40868 0.0748132   2.47555  0.964936        -0        -0        -0        -0        -0
 -0.40868   2.25445  0.216286 -0.221732   2.90447        -0        -0        -0        -0        -0
0.0748132  0.216286 -0.143376   1.93074  0.778798        -0        -0        -0        -0        -0
  2.47555 -0.221732   1.93074   1.03002 0.0169476        -0        -0        -0        -0        -0
 0.964936   2.90447  0.778798 0.0169476 -0.937199        -0        -0        -0        -0        -0
        -0         -0         -0         -0         -0   -2.52538    0.40868 -0.0748132   -2.47555  -0.964936
       -0        -0        -0        -0        -0   0.40868  -2.25445 -0.216286  0.221732  -2.90447
        -0         -0         -0         -0         -0 -0.0748132  -0.216286   0.143376   -1.93074  -0.778798
        -0         -0         -0         -0         -0   -2.47555   0.221732   -1.93074   -1.03002 -0.0169476
        -0         -0         -0         -0         -0  -0.964936   -2.90447  -0.778798 -0.0169476   0.937199
