10
1
10
  0.220959  -0.734781   0.147543   0.205366 -0.0792235   0.358916 -0.0954461  -0.318471  -0.318489  0.0162222
-30.8283 -15.0206 -12.6726 -22.5514 -11.3942 -9.48105 -22.9004 -9.50049 -3.47861 -11.5732
-15.0206 -16.9478 -9.28784 -9.27194 -9.41078 -2.91181 -10.3703 -5.35706  1.85373 -2.12016
-12.6726 -9.28784  -19.447 -9.93146 -11.1933 -3.75484 -15.6173    1.408 -10.7372 -7.67287
-22.5514 -9.27194 -9.93146 -37.8562 -8.19196 -10.4421 -30.9488 -7.54295 -8.19698 -11.3275
-11.3942 -9.41078 -11.1933 -8.19196  -28.465 -7.77152 -14.2499 -2.59126 -8.91683 -3.11523
-9.48105 -2.91181 -3.75484 -10.4421 -7.77152 -20.8591 -9.25495  2.62406 -8.73053 0.733631
-22.9004 -10.3703 -15.6173 -30.9488 -14.2499 -9.25495 -35.5089  -8.3546  -11.001 -14.1553
-9.50049 -5.35706    1.408 -7.54295 -2.59126  2.62406  -8.3546  -15.069  5.25261 -6.67177
-3.47861  1.85373 -10.7372 -8.19698 -8.91683 -8.73053  -11.001  5.25261  -20.615 -5.84079
-11.5732 -2.12016 -7.67287 -11.3275 -3.11523 0.733631 -14.1553 -6.67177 -5.84079 -19.2121
 0.100139 -0.930687 -0.327647 -0.414572  0.692277        -0        -0        -0        -0        -0
-0.930687   2.35633    1.0832   1.81571   1.10599        -0        -0        -0        -0        -0
-0.327647    1.0832   2.60384 -0.347209   1.56069        -0        -0        -0        -0        -0
-0.414572   1.81571 -0.347209   1.54276  0.435131        -0        -0        -0        -0        -0
0.692277  1.10599  1.56069 0.435131   1.0311       -0       -0       -0       -0       -0
       -0        -0        -0        -0        -0 -0.100139  0.930687  0.327647  0.414572 -0.692277
      -0       -0       -0       -0       -0 0.930687 -2.35633  -1.0832 -1.81571 -1.10599
      -0       -0       -0       -0       -0 0.327647  -1.0832 -2.60384 0.347209 -1.56069
       -0        -0        -0        -0        -0  0.414572  -1.81571  0.347209  -1.54276 -0.435131
       -0        -0        -0        -0        -0 -0.692277  -1.10599  -1.56069 -0.435131   -1.0311
 1.94545 0.340835  2.52701  1.10511  1.42463       -0       -0       -0       -0       -0
 0.340835 0.0955042   2.40634 -0.292386   1.29439        -0        -0        -0        -0        -0
  2.52701   2.40634   1.64631   2.24228 -0.572412        -0        -0        -0        -0        -0
  1.10511 -0.292386   2.24228  0.708958   2.07742        -0        -0        -0        -0        -0
  1.42463   1.29439 -0.572412   2.07742 -0.162855        -0        -0        -0        -0        -0
       -0        -0        -0        -0        -0  -1.94545 -0.340835  -2.52701  -1.10511  -1.42463
        -0         -0         -0         -0         -0  -0.340835 -0.0955042   -2.40634   0.292386   -1.29439
      -0       -0       -0       -0       -0 -2.52701 -2.40634 -1.64631 -2.24228 0.572412
       -0        -0        -0        -0        -0  -1.10511  0.292386  -2.24228 -0.708958  -2.07742
      -0       -0       -0       -0       -0 -1.42463 -1.29439 0.572412 -2.07742 0.162855
  0.195251 -0.0257685     1.5195    2.08224    2.72056         -0         -0         -0         -0         -0
-0.0257685    1.70139     2.8181  -0.164425    2.83366         -0         -0         -0         -0         -0
 1.5195  2.8181 2.79226 1.56148 0.57845      -0      -0      -0      -0      -0
  2.08224 -0.164425   1.56148  0.728546   1.96284        -0        -0        -0        -0        -0
 2.72056  2.83366  0.57845  1.96284 0.542618       -0       -0       -0       -0       -0
       -0        -0        -0        -0        -0 -0.195251 0.0257685   -1.5195  -2.08224  -2.72056
       -0        -0        -0        -0        -0 0.0257685  -1.70139   -2.8181  0.164425  -2.83366
      -0       -0       -0       -0       -0  -1.5195  -2.8181 -2.79226 -1.56148 -0.57845
       -0        -0        -0        -0        -0  -2.08224  0.164425  -1.56148 -0.728546  -1.96284
       -0        -0        -0        -0        -0  -2.72056  -2.83366  -0.57845  -1.96284 -0.542618
  2.19033 -0.325851   2.43943   0.96725   1.04202        -0        -0        -0        -0        -0
-0.325851 -0.186833 -0.408486   1.92768 -0.158254        -0        -0        -0        -0        -0
  2.43943 -0.408486    2.2705   1.88689 0.0718258        -0        -0        -0        -0        -0
  0.96725   1.92768   1.88689  0.759509 -0.396502        -0        -0        -0        -0        -0
  1.04202 -0.158254 0.0718258 -0.396502   1.57029        -0        -0        -0        -0        -0
      -0       -0       -0       -0       -0 -2.19033 0.325851 -2.43943 -0.96725 -1.04202
      -0       -0       -0       -0       -0 0.325851 0.186833 0.408486 -1.92768 0.158254
        -0         -0         -0         -0         -0   -2.43943   0.408486    -2.2705   -1.88689 -0.0718258
       -0        -0        -0        -0        -0  -0.96725  -1.92768  -1.88689 -0.759509  0.396502
        -0         -0         -0         -0         -0   -1.04202   0.158254 -0.0718258   0.396502   -1.57029
0.942662  2.94657 0.139258  2.71163   2.7353       -0       -0       -0       -0       -0
   2.94657    1.71144  -0.542276   0.813278 -0.0506251         -0         -0         -0         -0         -0
 0.139258 -0.542276   2.14252  -0.33348  0.149142        -0        -0        -0        -0        -0
 2.71163 0.813278 -0.33348  1.98212  1.62219       -0       -0       -0       -0       -0
    2.7353 -0.0506251   0.149142    1.62219    1.70888         -0         -0         -0         -0         -0
       -0        -0        -0        -0        -0 -0.942662  -2.94657 -0.139258  -2.71163   -2.7353
       -0        -0        -0        -0        -0  -2.94657  -1.71144  0.542276 -0.813278 0.0506251
       -0        -0        -0        -0        -0 -0.139258  0.542276  -2.14252   0.33348 -0.149142
       -0        -0        -0        -0        -0  -2.71163 -0.813278   0.33348  -1.98212  -1.62219
       -0        -0        -0        -0        -0   -2.7353 0.0506251 -0.149142  -1.62219  -1.70888
  0.385392    1.12092  -0.121343 -0.0382114  -0.212251         -0         -0         -0         -0         -0
  1.12092  -0.60012 -0.528556   1.69228   2.81594        -0        -0        -0        -0        -0
-0.121343 -0.528556   1.63243 -0.287257   1.87941        -0        -0        -0        -0        -0
-0.0382114    1.69228  -0.287257  -0.895688    0.45427         -0         -0         -0         -0         -0
-0.212251   2.81594   1.87941   0.45427   1.79807        -0        -0        -0        -0        -0
       -0        -0        -0        -0        -0 -0.385392  -1.12092  0.121343 0.0382114  0.212251
      -0       -0       -0       -0       -0 -1.12092  0.60012 0.528556 -1.69228 -2.81594
      -0       -0       -0       -0       -0 0.121343 0.528556 -1.63243 0.287257 -1.87941
       -0        -0        -0        -0        -0 0.0382114  -1.69228  0.287257  0.895688  -0.45427
      -0       -0       -0       -0       -0 0.212251 -2.81594 -1.87941 -0.45427 -1.79807
0.100868  1.45633 0.743675  1.41349 0.379213       -0       -0       -0       -0       -0
  1.45633    2.6354 -0.872124 -0.785905   1.00771        -0        -0        -0        -0        -0
 0.743675 -0.872124    1.4925  0.124194 -0.540604        -0        -0        -0        -0        -0
  1.41349 -0.785905  0.124194 0.0459245   1.09196        -0        -0        -0        -0        -0
 0.379213   1.00771 -0.540604   1.09196   1.11203        -0        -0        -0        -0        -0
       -0        -0        -0        -0        -0 -0.100868  -1.45633 -0.743675  -1.41349 -0.379213
      -0       -0       -0       -0       -0 -1.45633  -2.6354 0.872124 0.785905 -1.00771
       -0        -0        -0        -0        -0 -0.743675  0.872124   -1.4925 -0.124194  0.540604
        -0         -0         -0         -0         -0   -1.41349   0.785905  -0.124194 -0.0459245   -1.09196
       -0        -0        -0        -0        -0 -0.379213  -1.00771  0.540604  -1.09196  -1.11203
 0.525529 -0.273967  0.335307  0.483839   0.71738        -0        -0        -0        -0        -0
-0.273967  0.505807    1.9298   2.55495   1.38983        -0        -0        -0        -0        -0
 0.335307    1.9298   2.39122 0.0646301   2.10448        -0        -0        -0        -0        -0
 0.483839   2.55495 0.0646301   2.97634   1.84157        -0        -0        -0        -0        -0
0.71738 1.38983 2.10448 1.84157 2.43576      -0      -0      -0      -0      -0
       -0        -0        -0        -0        -0 -0.525529  0.273967 -0.335307 -0.483839  -0.71738
       -0        -0        -0        -0        -0  0.273967 -0.505807   -1.9298  -2.55495  -1.38983
        -0         -0         -0         -0         -0  -0.335307    -1.9298   -2.39122 -0.0646301   -2.10448
        -0         -0         -0         -0         -0  -0.483839   -2.55495 -0.0646301   -2.97634   -1.84157
      -0       -0       -0       -0       -0 -0.71738 -1.38983 -2.10448 -1.84157 -2.43576
-0.128401   2.55549  0.526424 -0.476913   1.54952        -0        -0        -0        -0        -0
  2.55549   1.85652   1.20949 -0.614721  0.398145        -0        -0        -0        -0        -0
0.526424  1.20949 -0.23273 0.612768 0.751506       -0       -0       -0       -0       -0
-0.476913 -0.614721  0.612768   2.91431   2.61415        -0        -0        -0        -0        -0
 1.54952 0.398145 0.751506  2.61415 0.374484       -0       -0       -0       -0       -0
       -0        -0        -0        -0        -0  0.128401  -2.55549 -0.526424  0.476913  -1.54952
       -0        -0        -0        -0        -0  -2.55549  -1.85652  -1.20949  0.614721 -0.398145
       -0        -0        -0        -0        -0 -0.526424  -1.20949   0.23273 -0.612768 -0.751506
       -0        -0        -0        -0        -0  0.476913  0.614721 -0.612768  -2.91431  -2.61415
       -0        -0        -0        -0        -0  -1.54952 -0.398145 -0.751506  -2.61415 -0.374484
-0.358105   2.20007   1.70664 -0.933038   1.57496        -0        -0        -0        -0        -0
  2.20007 -0.382022 -0.800965  0.425509  0.357319        -0        -0        -0        -0        -0
  1.70664 -0.800965 -0.194502   2.89199  -0.13924        -0        -0        -0        -0        -0
-0.933038  0.425509   2.89199 -0.165768 -0.812274        -0        -0        -0        -0        -0
  1.57496  0.357319  -0.13924 -0.812274  0.271625        -0        -0        -0        -0        -0
      -0       -0       -0       -0       -0 0.358105 -2.20007 -1.70664 0.933038 -1.57496
       -0        -0        -0        -0        -0  -2.20007  0.382022  0.800965 -0.425509 -0.357319
      -0       -0       -0       -0       -0 -1.70664 0.800965 0.194502 -2.89199  0.13924
       -0        -0        -0        -0        -0  0.933038 -0.425509  -2.89199  0.165768  0.812274
       -0        -0        -0        -0        -0  -1.57496 -0.357319   0.13924  0.812274 -0.271625
