10
1
10
-0.0451461   0.163929  -0.140883   0.326079  -0.151343   0.323518    0.38267  -0.473801   0.048514  -0.586573
 -25.8189  -17.1082 -0.282049  -19.1536  -15.0247  -4.80775   2.42149  -12.9185  -5.70597  -23.9965
-17.1082 -30.4021 -9.50151 -19.1915 -18.5852 -7.69931 -7.86975 -22.2724 -16.3656 -29.4444
-0.282049  -9.50151  -17.2068  -7.88024  -4.99975  -9.06404  -12.2024  -14.7123   -5.9084  -11.7469
-19.1536 -19.1915 -7.88024 -30.7434 -14.6663 -7.64998 -9.98216 -14.4768 -12.2011 -28.4675
-15.0247 -18.5852 -4.99975 -14.6663 -37.0334 -2.50894 -7.56757 -21.4146 -5.58289 -27.8432
-4.80775 -7.69931 -9.06404 -7.64998 -2.50894 -15.6891 -7.73694 -6.47122 -4.43743 -10.8942
 2.42149 -7.86975 -12.2024 -9.98216 -7.56757 -7.73694 -20.5758 -11.4247 -3.11478 -11.9886
-12.9185 -22.2724 -14.7123 -14.4768 -21.4146 -6.47122 -11.4247 -31.0439 -9.37188 -27.7419
-5.70597 -16.3656  -5.9084 -12.2011 -5.58289 -4.43743 -3.11478 -9.37188 -21.2546 -12.4799
-23.9965 -29.4444 -11.7469 -28.4675 -27.8432 -10.8942 -11.9886 -27.7419 -12.4799 -43.0629
 2.00653  2.97309  2.13175  2.04878 0.647122       -0       -0       -0       -0       -0
 2.97309  2.82384  2.86516  1.00224 0.241611       -0       -0       -0       -0       -0
 2.13175  2.86516 0.428349  1.44696  2.15455       -0       -0       -0       -0       -0
  2.04878   1.00224   1.44696 -0.597768   2.41871        -0        -0        -0        -0        -0
0.647122 0.241611  2.15455  2.41871 0.266076       -0       -0       -0       -0       -0
       -0        -0        -0        -0        -0  -2.00653  -2.97309  -2.13175  -2.04878 -0.647122
       -0        -0        -0        -0        -0  -2.97309  -2.82384  -2.86516  -1.00224 -0.241611
       -0        -0        -0        -0        -0  -2.13175  -2.86516 -0.428349  -1.44696  -2.15455
      -0       -0       -0       -0       -0 -2.04878 -1.00224 -1.44696 0.597768 -2.41871
       -0        -0        -0        -0        -0 -0.647122 -0.241611  -2.15455  -2.41871 -0.266076
  2.12015 -0.719896 -0.162686     2.278   1.06025        -0        -0        -0        -0        -0
-0.719896  0.726509 -0.773495   2.70218   2.75513        -0        -0        -0        -0        -0
-0.162686 -0.773495  0.106452 -0.478842   0.59522        -0        -0        -0        -0        -0
    2.278   2.70218 -0.478842 -0.293652 -0.492789        -0        -0        -0        -0        -0
  1.06025   2.75513   0.59522 -0.492789 -0.842639        -0        -0        -0        -0        -0
      -0       -0       -0       -0       -0 -2.12015 0.719896 0.162686   -2.278 -1.06025
       -0        -0        -0        -0        -0  0.719896 -0.726509  0.773495  -2.70218  -2.75513
       -0        -0        -0        -0        -0  0.162686  0.773495 -0.106452  0.478842  -0.59522
      -0       -0       -0       -0       -0   -2.278 -2.70218 0.478842 0.293652 0.492789
      -0       -0       -0       -0       -0 -1.06025 -2.75513 -0.59522 0.492789 0.842639
2.60514 1.66505 1.34165 2.60894 1.79045      -0      -0      -0      -0      -0
 1.66505 0.879842 0.654533  1.24297  2.99339       -0       -0       -0       -0       -0
 1.34165 0.654533  1.32633  1.13445  1.51558       -0       -0       -0       -0       -0
  2.60894   1.24297   1.13445 -0.284604   2.31161        -0        -0        -0        -0        -0
  1.79045   2.99339   1.51558   2.31161 -0.300257        -0        -0        -0        -0        -0
      -0       -0       -0       -0       -0 -2.60514 -1.66505 -1.34165 -2.60894 -1.79045
       -0        -0        -0        -0        -0  -1.66505 -0.879842 -0.654533  -1.24297  -2.99339
       -0        -0        -0        -0        -0  -1.34165 -0.654533  -1.32633  -1.13445  -1.51558
      -0       -0       -0       -0       -0 -2.60894 -1.24297 -1.13445 0.284604 -2.31161
      -0       -0       -0       -0       -0 -1.79045 -2.99339 -1.51558 -2.31161 0.300257
  1.10856 -0.387767  0.606445 -0.451723  0.613162        -0        -0        -0        -0        -0
-0.387767   2.30892 -0.323745  0.624712   1.48355        -0        -0        -0        -0        -0
 0.606445 -0.323745   2.94846   2.70522  0.273334        -0        -0        -0        -0        -0
-0.451723  0.624712   2.70522   1.87461   2.74761        -0        -0        -0        -0        -0
0.613162  1.48355 0.273334  2.74761  2.19895       -0       -0       -0       -0       -0
       -0        -0        -0        -0        -0  -1.10856  0.387767 -0.606445  0.451723 -0.613162
       -0        -0        -0        -0        -0  0.387767  -2.30892  0.323745 -0.624712  -1.48355
       -0        -0        -0        -0        -0 -0.606445  0.323745  -2.94846  -2.70522 -0.273334
       -0        -0        -0        -0        -0  0.451723 -0.624712  -2.70522  -1.87461  -2.74761
       -0        -0        -0        -0        -0 -0.613162  -1.48355 -0.273334  -2.74761  -2.19895
-0.913266   2.89209  0.100604  0.792206  0.697334        -0        -0        -0        -0        -0
   2.89209  -0.289118 -0.0408094    1.74045    1.28894         -0         -0         -0         -0         -0
  0.100604 -0.0408094    2.72359    2.64665    2.64822         -0         -0         -0         -0         -0
0.792206  1.74045  2.64665 0.740662  0.40255       -0       -0       -0       -0       -0
0.697334  1.28894  2.64822  0.40255 0.163547       -0       -0       -0       -0       -0
       -0        -0        -0        -0        -0  0.913266  -2.89209 -0.100604 -0.792206 -0.697334
       -0        -0        -0        -0        -0  -2.89209  0.289118 0.0408094  -1.74045  -1.28894
       -0        -0        -0        -0        -0 -0.100604 0.0408094  -2.72359  -2.64665  -2.64822
       -0        -0        -0        -0        -0 -0.792206  -1.74045  -2.64665 -0.740662  -0.40255
       -0        -0        -0        -0        -0 -0.697334  -1.28894  -2.64822  -0.40255 -0.163547
1.67859 1.84605 2.15107 2.76653 1.20702      -0      -0      -0      -0      -0
  1.84605 -0.961341  0.930474   2.47321  0.282323        -0        -0        -0        -0        -0
 2.15107 0.930474  2.35186  2.23662  2.34767       -0       -0       -0       -0       -0
2.76653 2.47321 2.23662 2.49012 0.85367      -0      -0      -0      -0      -0
 1.20702 0.282323  2.34767  0.85367  2.02298       -0       -0       -0       -0       -0
      -0       -0       -0       -0       -0 -1.67859 -1.84605 -2.15107 -2.76653 -1.20702
       -0        -0        -0        -0        -0  -1.84605  0.961341 -0.930474  -2.47321 -0.282323
       -0        -0        -0        -0        -0  -2.15107 -0.930474  -2.35186  -2.23662  -2.34767
      -0       -0       -0       -0       -0 -2.76653 -2.47321 -2.23662 -2.49012 -0.85367
       -0        -0        -0        -0        -0  -1.20702 -0.282323  -2.34767  -0.85367  -2.02298
0.371178  1.47547  1.73259  1.32955  2.21491       -0       -0       -0       -0       -0
   1.47547    2.69799 -0.0313839    2.18505    0.44794         -0         -0         -0         -0         -0
   1.73259 -0.0313839    2.68858 -0.0625208  0.0308669         -0         -0         -0         -0         -0
   1.32955    2.18505 -0.0625208   0.681413    1.45153         -0         -0         -0         -0         -0
   2.21491    0.44794  0.0308669    1.45153 -0.0619432         -0         -0         -0         -0         -0
       -0        -0        -0        -0        -0 -0.371178  -1.47547  -1.73259  -1.32955  -2.21491
       -0        -0        -0        -0        -0  -1.47547  -2.69799 0.0313839  -2.18505  -0.44794
        -0         -0         -0         -0         -0   -1.73259  0.0313839   -2.68858  0.0625208 -0.0308669
       -0        -0        -0        -0        -0  -1.32955  -2.18505 0.0625208 -0.681413  -1.45153
        -0         -0         -0         -0         -0   -2.21491   -0.44794 -0.0308669   -1.45153  0.0619432
0.638083 0.243365  2.01678  1.72424  2.12895       -0       -0       -0       -0       -0
0.243365  1.35693  0.03076 0.718634 -0.25763       -0       -0       -0       -0       -0
   2.01678    0.03076    2.07432  -0.878054 -0.0623298         -0         -0         -0         -0         -0
  1.72424  0.718634 -0.878054   1.41282  -0.93357        -0        -0        -0        -0        -0
   2.12895   -0.25763 -0.0623298   -0.93357    1.42378         -0         -0         -0         -0         -0
       -0        -0        -0        -0        -0 -0.638083 -0.243365  -2.01678  -1.72424  -2.12895
       -0        -0        -0        -0        -0 -0.243365  -1.35693  -0.03076 -0.718634   0.25763
       -0        -0        -0        -0        -0  -2.01678  -0.03076  -2.07432  0.878054 0.0623298
       -0        -0        -0        -0        -0  -1.72424 -0.718634  0.878054  -1.41282   0.93357
       -0        -0        -0        -0        -0  -2.12895   0.25763 0.0623298   0.93357  -1.42378
   1.49533   -0.19022 -0.0963553    2.88329     2.0129         -0         -0         -0         -0         -0
 -0.19022  0.164277 -0.726475  0.983647  0.681849        -0        -0        -0        -0        -0
-0.0963553  -0.726475  -0.493045    2.85957    1.68832         -0         -0         -0         -0         -0
 2.88329 0.983647  2.85957  1.95761  2.13485       -0       -0       -0       -0       -0
   2.0129  0.681849   1.68832   2.13485 -0.905335        -0        -0        -0        -0        -0
       -0        -0        -0        -0        -0  -1.49533   0.19022 0.0963553  -2.88329   -2.0129
       -0        -0        -0        -0        -0   0.19022 -0.164277  0.726475 -0.983647 -0.681849
       -0        -0        -0        -0        -0 0.0963553  0.726475  0.493045  -2.85957  -1.68832
       -0        -0        -0        -0        -0  -2.88329 -0.983647  -2.85957  -1.95761  -2.13485
       -0        -0        -0        -0        -0   -2.0129 -0.681849  -1.68832  -2.13485  0.905335
-0.559058   2.26082   2.34444   1.71444   1.07482        -0        -0        -0        -0        -0
2.26082 2.87394 2.94232 1.63951 2.10468      -0      -0      -0      -0      -0
  2.34444   2.94232 -0.435588   2.24601   2.59003        -0        -0        -0        -0        -0
 1.71444  1.63951  2.24601  2.22139 0.934395       -0       -0       -0       -0       -0
 1.07482  2.10468  2.59003 0.934395  1.06229       -0       -0       -0       -0       -0
      -0       -0       -0       -0       -0 0.559058 -2.26082 -2.34444 -1.71444 -1.07482
      -0       -0       -0       -0       -0 -2.26082 -2.87394 -2.94232 -1.63951 -2.10468
      -0       -0       -0       -0       -0 -2.34444 -2.94232 0.435588 -2.24601 -2.59003
       -0        -0        -0        -0        -0  -1.71444  -1.63951  -2.24601  -2.22139 -0.934395
       -0        -0        -0        -0        -0  -1.07482  -2.10468  -2.59003 -0.934395  -1.06229
