20
1
20
  0.370574  -0.283434  0.0503957   0.125603  -0.353597   0.147478  0.0995074   0.514074   0.112787 -0.0582186 -0.0842296   0.118024  -0.303568   0.163737  0.0740801   0.161791  -0.037942   0.295773    0.10899  -0.233469
-35.6682 -15.7917  -14.201  -9.8157 -7.50211 -11.7041 -15.7891 -15.0457 -12.2521 -20.1537 -22.0015 -9.76297 -10.2709 -7.98055 -3.12142 -6.15338  -10.383 -4.43171 -26.3139 -4.27793
-15.7917 -47.9438   -14.58 -17.3829 -16.3802  -24.127 -17.9664 -18.6238 -19.7524 -13.2446 -33.2456 -16.6916 -27.3358 -16.1084 -21.1409 -21.4284 -24.0373 -7.82111  -31.683 -13.4001
 -14.201   -14.58 -43.4814 -24.6546 -29.5239 -17.8522 -12.4425 -4.55391 -18.4265 -22.7321 -17.2444 -22.2063  -14.666 -25.4949  1.51521 -21.1335 -11.7937 -1.17387 -23.4858 -16.9476
 -9.8157 -17.3829 -24.6546 -48.4201 -12.7387 -17.5849 -19.2814 -8.71405 -19.7877 -26.2114 -26.9505 -20.4957 -18.9319 -24.4433 -10.6392  -19.421 -17.1473 -16.1554 -30.9596 -25.2348
-7.50211 -16.3802 -29.5239 -12.7387 -53.2447 -18.5281 -7.00542 -13.1413  -32.938 -20.9503 -13.8138 -10.7916 -23.7373 -22.1138  -6.7257  -18.422 -7.21432 -7.42349 -21.4791 -15.3918
-11.7041  -24.127 -17.8522 -17.5849 -18.5281 -39.1602 -14.4863 -19.1332 -33.0335 -26.1789 -16.0656 -11.1099  -26.601 -21.5947  -13.868 -17.5901 -27.5482 -17.3368 -22.0397  -15.834
-15.7891 -17.9664 -12.4425 -19.2814 -7.00542 -14.4863 -47.8239 -17.4365 -33.8975 -18.0911 -24.4205 -26.3944 -15.0165 -20.1809 -23.0569 -14.5733 -1.52097 -21.1748 -29.8592 -16.4547
-15.0457 -18.6238 -4.55391 -8.71405 -13.1413 -19.1332 -17.4365 -34.5803 -27.6286  -20.359 -19.7099 -14.9108  -16.673 -20.2976 -15.6142  -2.9553 -20.7115 -17.7321 -32.5295 -1.76876
-12.2521 -19.7524 -18.4265 -19.7877  -32.938 -33.0335 -33.8975 -27.6286 -64.4045 -30.2302 -22.2237 -23.8571 -23.8152 -35.1947 -28.0135 -18.6905 -13.9948 -23.8991 -41.2124 -24.9998
-20.1537 -13.2446 -22.7321 -26.2114 -20.9503 -26.1789 -18.0911  -20.359 -30.2302 -50.2105 -20.4207 -23.6427 -21.4779 -24.4649  -12.571 -20.4494 -18.6415 -12.5543 -25.5932 -19.0018
-22.0015 -33.2456 -17.2444 -26.9505 -13.8138 -16.0656 -24.4205 -19.7099 -22.2237 -20.4207 -47.2392 -21.0771 -22.8735  -21.021 -20.9382 -18.4729 -24.0926 -9.01161 -39.0656 -18.9093
-9.76297 -16.6916 -22.2063 -20.4957 -10.7916 -11.1099 -26.3944 -14.9108 -23.8571 -23.6427 -21.0771 -52.8551  -3.4521 -21.7379 -20.9656 -14.9176 -17.0481 -16.6998   -38.43 -15.6394
-10.2709 -27.3358  -14.666 -18.9319 -23.7373  -26.601 -15.0165  -16.673 -23.8152 -21.4779 -22.8735  -3.4521 -38.8057 -15.7673 -13.6788 -21.7274 -18.8569 -13.1556 -19.2016 -17.5541
-7.98055 -16.1084 -25.4949 -24.4433 -22.1138 -21.5947 -20.1809 -20.2976 -35.1947 -24.4649  -21.021 -21.7379 -15.7673 -39.6232 -18.6163 -20.2872 -15.5769 -12.9834 -31.8737 -14.7462
-3.12142 -21.1409  1.51521 -10.6392  -6.7257  -13.868 -23.0569 -15.6142 -28.0135  -12.571 -20.9382 -20.9656 -13.6788 -18.6163  -44.747 -16.7767 -7.09637 -17.2098 -21.5822 -13.6551
-6.15338 -21.4284 -21.1335  -19.421  -18.422 -17.5901 -14.5733  -2.9553 -18.6905 -20.4494 -18.4729 -14.9176 -21.7274 -20.2872 -16.7767  -33.976 -11.8604 -4.33405 -7.79703  -18.839
 -10.383 -24.0373 -11.7937 -17.1473 -7.21432 -27.5482 -1.52097 -20.7115 -13.9948 -18.6415 -24.0926 -17.0481 -18.8569 -15.5769 -7.09637 -11.8604 -46.6793 -11.7267 -25.3929 -9.21338
-4.43171 -7.82111 -1.17387 -16.1554 -7.42349 -17.3368 -21.1748 -17.7321 -23.8991 -12.5543 -9.01161 -16.6998 -13.1556 -12.9834 -17.2098 -4.33405 -11.7267 -45.2438 -24.4934 -4.53556
-26.3139  -31.683 -23.4858 -30.9596 -21.4791 -22.0397 -29.8592 -32.5295 -41.2124 -25.5932 -39.0656   -38.43 -19.2016 -31.8737 -21.5822 -7.79703 -25.3929 -24.4934 -75.6246 -20.3424
-4.27793 -13.4001 -16.9476 -25.2348 -15.3918  -15.834 -16.4547 -1.76876 -24.9998 -19.0018 -18.9093 -15.6394 -17.5541 -14.7462 -13.6551  -18.839 -9.21338 -4.53556 -20.3424 -28.7217
  1.60681  0.747457 -0.452105  0.745622 -0.273317  0.421435 -0.754532   2.57526  0.631501  0.294607        -0        -0        -0        -0        -0        -0        -0        -0        -0        -0
 0.747457   2.44443   2.98178  0.422062   2.28655   1.36025  0.959179 -0.745263   1.47412   1.56847        -0        -0        -0        -0        -0        -0        -0        -0        -0        -0
-0.452105   2.98178 -0.824479  0.730737  0.600882    1.1936  0.441453  0.720984   2.88595   1.28407        -0        -0        -0        -0        -0        -0        -0        -0        -0        -0
 0.745622  0.422062  0.730737 -0.646432  0.880856  0.596957  0.976205  0.176138    2.8251   1.73606        -0        -0        -0        -0        -0        -0        -0        -0        -0        -0
-0.273317   2.28655  0.600882  0.880856  0.372828  0.725853   1.31275   1.13559  -0.92892 -0.455321        -0        -0        -0        -0        -0        -0        -0        -0        -0        -0
 0.421435   1.36025    1.1936  0.596957  0.725853 -0.713771 -0.735567   2.09381  0.611806 -0.403187        -0        -0        -0        -0        -0        -0        -0        -0        -0        -0
-0.754532  0.959179  0.441453  0.976205   1.31275 -0.735567  -0.10465   2.71335 -0.888669   2.00049        -0        -0        -0        -0        -0        -0        -0        -0        -0        -0
  2.57526 -0.745263  0.720984  0.176138   1.13559   2.09381   2.71335   2.41968  0.275216  0.440028        -0        -0        -0        -0        -0        -0        -0        -0        -0        -0
 0.631501   1.47412   2.88595    2.8251  -0.92892  0.611806 -0.888669  0.275216   1.32301   1.01562        -0        -0        -0        -0        -0        -0        -0        -0        -0        -0
 0.294607   1.56847   1.28407   1.73606 -0.455321 -0.403187   2.00049  0.440028   1.01562   1.52855        -0        -0        -0        -0        -0        -0        -0        -0        -0        -0
       -0        -0        -0        -0        -0        -0        -0        -0        -0        -0  -1.60681 -0.747457  0.452105 -0.745622  0.273317 -0.421435  0.754532  -2.57526 -0.631501 -0.294607
       -0        -0        -0        -0        -0        -0        -0        -0        -0        -0 -0.747457  -2.44443  -2.98178 -0.422062  -2.28655  -1.36025 -0.959179  0.745263  -1.47412  -1.56847
       -0        -0        -0        -0        -0        -0        -0        -0        -0        -0  0.452105  -2.98178  0.824479 -0.730737 -0.600882   -1.1936 -0.441453 -0.720984  -2.88595  -1.28407
       -0        -0        -0        -0        -0        -0        -0        -0        -0        -0 -0.745622 -0.422062 -0.730737  0.646432 -0.880856 -0.596957 -0.976205 -0.176138   -2.8251  -1.73606
       -0        -0        -0        -0        -0        -0        -0        -0        -0        -0  0.273317  -2.28655 -0.600882 -0.880856 -0.372828 -0.725853  -1.31275  -1.13559   0.92892  0.455321
       -0        -0        -0        -0        -0        -0        -0        -0        -0        -0 -0.421435  -1.36025   -1.1936 -0.596957 -0.725853  0.713771  0.735567  -2.09381 -0.611806  0.403187
       -0        -0        -0        -0        -0        -0        -0        -0        -0        -0  0.754532 -0.959179 -0.441453 -0.976205  -1.31275  0.735567   0.10465  -2.71335  0.888669  -2.00049
       -0        -0        -0        -0        -0        -0        -0        -0        -0        -0  -2.57526  0.745263 -0.720984 -0.176138  -1.13559  -2.09381  -2.71335  -2.41968 -0.275216 -0.440028
       -0        -0        -0        -0        -0        -0        -0        -0        -0        -0 -0.631501  -1.47412  -2.88595   -2.8251   0.92892 -0.611806  0.888669 -0.275216  -1.32301  -1.01562
       -0        -0        -0        -0        -0        -0        -0        -0        -0        -0 -0.294607  -1.56847  -1.28407  -1.73606  0.455321  0.403187  -2.00049 -0.440028  -1.01562  -1.52855
  2.87447 -0.993928   1.23138   2.12208 -0.718856   2.19489   2.82145   1.40475  0.463292   2.42207        -0        -0        -0        -0        -0        -0        -0        -0        -0        -0
-0.993928  0.970055   1.85697 -0.745515    0.9722   2.06587   1.51235  0.834972  -0.60854   1.46231        -0        -0        -0        -0        -0        -0        -0        -0        -0        -0
  1.23138   1.85697   1.39531 -0.281251  0.132849   0.20371  0.164698   2.96429   1.36597   2.36637        -0        -0        -0        -0        -0        -0        -0        -0        -0        -0
  2.12208 -0.745515 -0.281251  0.905362 -0.502784  0.590205 -0.459804    2.5376     1.667 -0.413228        -0        -0        -0        -0        -0        -0        -0        -0        -0        -0
-0.718856    0.9722  0.132849 -0.502784  0.864225   2.58132 -0.582288   1.33219  0.981665   2.00251        -0        -0        -0        -0        -0        -0        -0        -0        -0        -0
 2.19489  2.06587  0.20371 0.590205  2.58132  1.79675  2.01463  0.82851  0.94729  2.78408       -0       -0       -0       -0       -0       -0       -0       -0       -0       -0
  2.82145   1.51235  0.164698 -0.459804 -0.582288   2.01463 -0.974043    1.4656  0.463747    2.6014        -0        -0        -0        -0        -0        -0        -0        -0        -0        -0
 1.40475 0.834972  2.96429   2.5376  1.33219  0.82851   1.4656  2.11656  1.51186  2.02846       -0       -0       -0       -0       -0       -0       -0       -0       -0       -0
0.463292 -0.60854  1.36597    1.667 0.981665  0.94729 0.463747  1.51186  1.64086  2.02603       -0       -0       -0       -0       -0       -0       -0       -0       -0       -0
  2.42207   1.46231   2.36637 -0.413228   2.00251   2.78408    2.6014   2.02846   2.02603  0.155232        -0        -0        -0        -0        -0        -0        -0        -0        -0        -0
       -0        -0        -0        -0        -0        -0        -0        -0        -0        -0  -2.87447  0.993928  -1.23138  -2.12208  0.718856  -2.19489  -2.82145  -1.40475 -0.463292  -2.42207
       -0        -0        -0        -0        -0        -0        -0        -0        -0        -0  0.993928 -0.970055  -1.85697  0.745515   -0.9722  -2.06587  -1.51235 -0.834972   0.60854  -1.46231
       -0        -0        -0        -0        -0        -0        -0        -0        -0        -0  -1.23138  -1.85697  -1.39531  0.281251 -0.132849  -0.20371 -0.164698  -2.96429  -1.36597  -2.36637
       -0        -0        -0        -0        -0        -0        -0        -0        -0        -0  -2.12208  0.745515  0.281251 -0.905362  0.502784 -0.590205  0.459804   -2.5376    -1.667  0.413228
       -0        -0        -0        -0        -0        -0        -0        -0        -0        -0  0.718856   -0.9722 -0.132849  0.502784 -0.864225  -2.58132  0.582288  -1.33219 -0.981665  -2.00251
       -0        -0        -0        -0        -0        -0        -0        -0        -0        -0  -2.19489  -2.06587  -0.20371 -0.590205  -2.58132  -1.79675  -2.01463  -0.82851  -0.94729  -2.78408
       -0        -0        -0        -0        -0        -0        -0        -0        -0        -0  -2.82145  -1.51235 -0.164698  0.459804  0.582288  -2.01463  0.974043   -1.4656 -0.463747   -2.6014
       -0        -0        -0        -0        -0        -0        -0        -0        -0        -0  -1.40475 -0.834972  -2.96429   -2.5376  -1.33219  -0.82851   -1.4656  -2.11656  -1.51186  -2.02846
       -0        -0        -0        -0        -0        -0        -0        -0        -0        -0 -0.463292   0.60854  -1.36597    -1.667 -0.981665  -0.94729 -0.463747  -1.51186  -1.64086  -2.02603
       -0        -0        -0        -0        -0        -0        -0        -0        -0        -0  -2.42207  -1.46231  -2.36637  0.413228  -2.00251  -2.78408   -2.6014  -2.02846  -2.02603 -0.155232
 0.0205496    1.73408    1.88701   0.660377    2.01012     2.4663    2.15773    2.11113    1.24601 -0.0449009         -0         -0         -0         -0         -0         -0         -0         -0         -0         -0
  1.73408  0.902239 -0.683031   2.20203  0.630706  0.803397   1.07566   1.35056  0.617142   1.33723        -0        -0        -0        -0        -0        -0        -0        -0        -0        -0
  1.88701 -0.683031 -0.849486   1.49428  -0.68584   2.00639 -0.846649  0.641998  0.028477   2.65348        -0        -0        -0        -0        -0        -0        -0        -0        -0        -0
 0.660377   2.20203   1.49428 -0.349419   2.41149   2.61681  0.652011   2.42529  0.252403   0.10845        -0        -0        -0        -0        -0        -0        -0        -0        -0        -0
  2.01012  0.630706  -0.68584   2.41149   1.73075 -0.943223   1.72624  0.762054  0.233952   2.98924        -0        -0        -0        -0        -0        -0        -0        -0        -0        -0
   2.4663  0.803397   2.00639   2.61681 -0.943223   2.91014 -0.659779 -0.627248 0.0852535   1.37971        -0        -0        -0        -0        -0        -0        -0        -0        -0        -0
  2.15773   1.07566 -0.846649  0.652011   1.72624 -0.659779  0.114663 -0.691309  0.162538  0.448671        -0        -0        -0        -0        -0        -0        -0        -0        -0        -0
  2.11113   1.35056  0.641998   2.42529  0.762054 -0.627248 -0.691309   2.55658 -0.996217  0.103901        -0        -0        -0        -0        -0        -0        -0        -0        -0        -0
  1.24601  0.617142  0.028477  0.252403  0.233952 0.0852535  0.162538 -0.996217   2.17949   2.07892        -0        -0        -0        -0        -0        -0        -0        -0        -0        -0
-0.0449009    1.33723    2.65348    0.10845    2.98924    1.37971   0.448671   0.103901    2.07892  -0.210895         -0         -0         -0         -0         -0         -0         -0         -0         -0         -0
        -0         -0         -0         -0         -0         -0         -0         -0         -0         -0 -0.0205496   -1.73408   -1.88701  -0.660377   -2.01012    -2.4663   -2.15773   -2.11113   -1.24601  0.0449009
       -0        -0        -0        -0        -0        -0        -0        -0        -0        -0  -1.73408 -0.902239  0.683031  -2.20203 -0.630706 -0.803397  -1.07566  -1.35056 -0.617142  -1.33723
       -0        -0        -0        -0        -0        -0        -0        -0        -0        -0  -1.88701  0.683031  0.849486  -1.49428   0.68584  -2.00639  0.846649 -0.641998 -0.028477  -2.65348
       -0        -0        -0        -0        -0        -0        -0        -0        -0        -0 -0.660377  -2.20203  -1.49428  0.349419  -2.41149  -2.61681 -0.652011  -2.42529 -0.252403  -0.10845
       -0        -0        -0        -0        -0        -0        -0        -0        -0        -0  -2.01012 -0.630706   0.68584  -2.41149  -1.73075  0.943223  -1.72624 -0.762054 -0.233952  -2.98924
        -0         -0         -0         -0         -0         -0         -0         -0         -0         -0    -2.4663  -0.803397   -2.00639   -2.61681   0.943223   -2.91014   0.659779   0.627248 -0.0852535   -1.37971
       -0        -0        -0        -0        -0        -0        -0        -0        -0        -0  -2.15773  -1.07566  0.846649 -0.652011  -1.72624  0.659779 -0.114663  0.691309 -0.162538 -0.448671
       -0        -0        -0        -0        -0        -0        -0        -0        -0        -0  -2.11113  -1.35056 -0.641998  -2.42529 -0.762054  0.627248  0.691309  -2.55658  0.996217 -0.103901
        -0         -0         -0         -0         -0         -0         -0         -0         -0         -0   -1.24601  -0.617142  -0.028477  -0.252403  -0.233952 -0.0852535  -0.162538   0.996217   -2.17949   -2.07892
       -0        -0        -0        -0        -0        -0        -0        -0        -0        -0 0.0449009  -1.33723  -2.65348  -0.10845  -2.98924  -1.37971 -0.448671 -0.103901  -2.07892  0.210895
 0.115193  0.149117   1.69707 -0.563009   1.15582   1.57052   1.30401  0.687855  0.316109  0.168804        -0        -0        -0        -0        -0        -0        -0        -0        -0        -0
 0.149117   1.70431 0.0907646    1.9879   1.68774   2.41402 -0.303847  0.755429   2.70823    2.6209        -0        -0        -0        -0        -0        -0        -0        -0        -0        -0
   1.69707  0.0907646  -0.220434    0.99924    2.64098    1.41206 -0.0205082  -0.855801  0.0575005   0.294765         -0         -0         -0         -0         -0         -0         -0         -0         -0         -0
-0.563009    1.9879   0.99924   2.57665 0.0537496   2.35009 -0.696751  0.328839   2.72817    1.1483        -0        -0        -0        -0        -0        -0        -0        -0        -0        -0
  1.15582   1.68774   2.64098 0.0537496 -0.134666  0.764563 -0.727192   1.80918   2.05832   2.92415        -0        -0        -0        -0        -0        -0        -0        -0        -0        -0
   1.57052    2.41402    1.41206    2.35009   0.764563  -0.388723    1.72458 0.00953269    1.82206   0.567573         -0         -0         -0         -0         -0         -0         -0         -0         -0         -0
   1.30401  -0.303847 -0.0205082  -0.696751  -0.727192    1.72458    2.91784 -0.0734647  -0.660551  -0.127124         -0         -0         -0         -0         -0         -0         -0         -0         -0         -0
  0.687855   0.755429  -0.855801   0.328839    1.80918 0.00953269 -0.0734647    2.99481    2.17721    2.84198         -0         -0         -0         -0         -0         -0         -0         -0         -0         -0
 0.316109   2.70823 0.0575005   2.72817   2.05832   1.82206 -0.660551   2.17721  0.316888   1.31875        -0        -0        -0        -0        -0        -0        -0        -0        -0        -0
 0.168804    2.6209  0.294765    1.1483   2.92415  0.567573 -0.127124   2.84198   1.31875 -0.527514        -0        -0        -0        -0        -0        -0        -0        -0        -0        -0
       -0        -0        -0        -0        -0        -0        -0        -0        -0        -0 -0.115193 -0.149117  -1.69707  0.563009  -1.15582  -1.57052  -1.30401 -0.687855 -0.316109 -0.168804
        -0         -0         -0         -0         -0         -0         -0         -0         -0         -0  -0.149117   -1.70431 -0.0907646    -1.9879   -1.68774   -2.41402   0.303847  -0.755429   -2.70823    -2.6209
        -0         -0         -0         -0         -0         -0         -0         -0         -0         -0   -1.69707 -0.0907646   0.220434   -0.99924   -2.64098   -1.41206  0.0205082   0.855801 -0.0575005  -0.294765
        -0         -0         -0         -0         -0         -0         -0         -0         -0         -0   0.563009    -1.9879   -0.99924   -2.57665 -0.0537496   -2.35009   0.696751  -0.328839   -2.72817    -1.1483
        -0         -0         -0         -0         -0         -0         -0         -0         -0         -0   -1.15582   -1.68774   -2.64098 -0.0537496   0.134666  -0.764563   0.727192   -1.80918   -2.05832   -2.92415
         -0          -0          -0          -0          -0          -0          -0          -0          -0          -0    -1.57052    -2.41402    -1.41206    -2.35009   -0.764563    0.388723    -1.72458 -0.00953269    -1.82206   -0.567573
       -0        -0        -0        -0        -0        -0        -0        -0        -0        -0  -1.30401  0.303847 0.0205082  0.696751  0.727192  -1.72458  -2.91784 0.0734647  0.660551  0.127124
         -0          -0          -0          -0          -0          -0          -0          -0          -0          -0   -0.687855   -0.755429    0.855801   -0.328839    -1.80918 -0.00953269   0.0734647    -2.99481    -2.17721    -2.84198
        -0         -0         -0         -0         -0         -0         -0         -0         -0         -0  -0.316109   -2.70823 -0.0575005   -2.72817   -2.05832   -1.82206   0.660551   -2.17721  -0.316888   -1.31875
       -0        -0        -0        -0        -0        -0        -0        -0        -0        -0 -0.168804   -2.6209 -0.294765   -1.1483  -2.92415 -0.567573  0.127124  -2.84198  -1.31875  0.527514
  0.29844   2.90547   2.01425   1.19611  0.272078  0.554761   1.72805 -0.688602   2.34227   2.26263        -0        -0        -0        -0        -0        -0        -0        -0        -0        -0
  2.90547   1.34802   1.70245  0.787382   2.70485 -0.652888   2.93322   2.38515   1.64704   2.66653        -0        -0        -0        -0        -0        -0        -0        -0        -0        -0
  2.01425   1.70245 -0.277185 -0.798051 -0.158958   2.16274  0.200859   2.97162  0.749646 -0.811169        -0        -0        -0        -0        -0        -0        -0        -0        -0        -0
  1.19611  0.787382 -0.798051 -0.575974 -0.429803   1.27758      1.93   0.15244   1.50501 -0.536515        -0        -0        -0        -0        -0        -0        -0        -0        -0        -0
 0.272078   2.70485 -0.158958 -0.429803 -0.332188 -0.343876  -0.64275   2.95535 -0.075388   1.59653        -0        -0        -0        -0        -0        -0        -0        -0        -0        -0
 0.554761 -0.652888   2.16274   1.27758 -0.343876 -0.986512  -0.56912 -0.360567   1.40577 -0.453919        -0        -0        -0        -0        -0        -0        -0        -0        -0        -0
  1.72805   2.93322  0.200859      1.93  -0.64275  -0.56912 -0.532605 -0.930331    1.5185 -0.105635        -0        -0        -0        -0        -0        -0        -0        -0        -0        -0
-0.688602   2.38515   2.97162   0.15244   2.95535 -0.360567 -0.930331   1.88198   2.84915   2.06392        -0        -0        -0        -0        -0        -0        -0        -0        -0        -0
  2.34227   1.64704  0.749646   1.50501 -0.075388   1.40577    1.5185   2.84915  -0.06152   1.36445        -0        -0        -0        -0        -0        -0        -0        -0        -0        -0
  2.26263   2.66653 -0.811169 -0.536515   1.59653 -0.453919 -0.105635   2.06392   1.36445   2.00744        -0        -0        -0        -0        -0        -0        -0        -0        -0        -0
       -0        -0        -0        -0        -0        -0        -0        -0        -0        -0  -0.29844  -2.90547  -2.01425  -1.19611 -0.272078 -0.554761  -1.72805  0.688602  -2.34227  -2.26263
       -0        -0        -0        -0        -0        -0        -0        -0        -0        -0  -2.90547  -1.34802  -1.70245 -0.787382  -2.70485  0.652888  -2.93322  -2.38515  -1.64704  -2.66653
       -0        -0        -0        -0        -0        -0        -0        -0        -0        -0  -2.01425  -1.70245  0.277185  0.798051  0.158958  -2.16274 -0.200859  -2.97162 -0.749646  0.811169
       -0        -0        -0        -0        -0        -0        -0        -0        -0        -0  -1.19611 -0.787382  0.798051  0.575974  0.429803  -1.27758     -1.93  -0.15244  -1.50501  0.536515
       -0        -0        -0        -0        -0        -0        -0        -0        -0        -0 -0.272078  -2.70485  0.158958  0.429803  0.332188  0.343876   0.64275  -2.95535  0.075388  -1.59653
       -0        -0        -0        -0        -0        -0        -0        -0        -0        -0 -0.554761  0.652888  -2.16274  -1.27758  0.343876  0.986512   0.56912  0.360567  -1.40577  0.453919
       -0        -0        -0        -0        -0        -0        -0        -0        -0        -0  -1.72805  -2.93322 -0.200859     -1.93   0.64275   0.56912  0.532605  0.930331   -1.5185  0.105635
      -0       -0       -0       -0       -0       -0       -0       -0       -0       -0 0.688602 -2.38515 -2.97162 -0.15244 -2.95535 0.360567 0.930331 -1.88198 -2.84915 -2.06392
       -0        -0        -0        -0        -0        -0        -0        -0        -0        -0  -2.34227  -1.64704 -0.749646  -1.50501  0.075388  -1.40577   -1.5185  -2.84915   0.06152  -1.36445
      -0       -0       -0       -0       -0       -0       -0       -0       -0       -0 -2.26263 -2.66653 0.811169 0.536515 -1.59653 0.453919 0.105635 -2.06392 -1.36445 -2.00744
   2.3307  0.300494  0.851302 -0.917263   2.33016    2.5537   1.72658   1.47991   2.72605 -0.889541        -0        -0        -0        -0        -0        -0        -0        -0        -0        -0
 0.300494  -0.42781   2.71745   2.05207  -0.34674  0.149566  0.128142 0.0261967   1.23034   1.94788        -0        -0        -0        -0        -0        -0        -0        -0        -0        -0
 0.851302   2.71745   1.06092   2.62652   1.62537   2.78917 0.0455064  0.813927   2.25569  0.658879        -0        -0        -0        -0        -0        -0        -0        -0        -0        -0
-0.917263   2.05207   2.62652   1.47533   2.01123  0.614619   1.35309  0.105286   2.51522  0.155965        -0        -0        -0        -0        -0        -0        -0        -0        -0        -0
  2.33016  -0.34674   1.62537   2.01123    2.7034    2.1897   2.60347 -0.962576   2.84496  0.300974        -0        -0        -0        -0        -0        -0        -0        -0        -0        -0
  2.5537 0.149566  2.78917 0.614619   2.1897  2.97011  2.39989 0.517327  1.44539 0.262347       -0       -0       -0       -0       -0       -0       -0       -0       -0       -0
  1.72658  0.128142 0.0455064   1.35309   2.60347   2.39989  0.807901   1.80786   2.48533 -0.444141        -0        -0        -0        -0        -0        -0        -0        -0        -0        -0
  1.47991 0.0261967  0.813927  0.105286 -0.962576  0.517327   1.80786   2.65433   1.11702   2.10888        -0        -0        -0        -0        -0        -0        -0        -0        -0        -0
 2.72605  1.23034  2.25569  2.51522  2.84496  1.44539  2.48533  1.11702  -0.7787 0.689077       -0       -0       -0       -0       -0       -0       -0       -0       -0       -0
-0.889541   1.94788  0.658879  0.155965  0.300974  0.262347 -0.444141   2.10888  0.689077   1.25189        -0        -0        -0        -0        -0        -0        -0        -0        -0        -0
       -0        -0        -0        -0        -0        -0        -0        -0        -0        -0   -2.3307 -0.300494 -0.851302  0.917263  -2.33016   -2.5537  -1.72658  -1.47991  -2.72605  0.889541
        -0         -0         -0         -0         -0         -0         -0         -0         -0         -0  -0.300494    0.42781   -2.71745   -2.05207    0.34674  -0.149566  -0.128142 -0.0261967   -1.23034   -1.94788
        -0         -0         -0         -0         -0         -0         -0         -0         -0         -0  -0.851302   -2.71745   -1.06092   -2.62652   -1.62537   -2.78917 -0.0455064  -0.813927   -2.25569  -0.658879
       -0        -0        -0        -0        -0        -0        -0        -0        -0        -0  0.917263  -2.05207  -2.62652  -1.47533  -2.01123 -0.614619  -1.35309 -0.105286  -2.51522 -0.155965
       -0        -0        -0        -0        -0        -0        -0        -0        -0        -0  -2.33016   0.34674  -1.62537  -2.01123   -2.7034   -2.1897  -2.60347  0.962576  -2.84496 -0.300974
       -0        -0        -0        -0        -0        -0        -0        -0        -0        -0   -2.5537 -0.149566  -2.78917 -0.614619   -2.1897  -2.97011  -2.39989 -0.517327  -1.44539 -0.262347
        -0         -0         -0         -0         -0         -0         -0         -0         -0         -0   -1.72658  -0.128142 -0.0455064   -1.35309   -2.60347   -2.39989  -0.807901   -1.80786   -2.48533   0.444141
        -0         -0         -0         -0         -0         -0         -0         -0         -0         -0   -1.47991 -0.0261967  -0.813927  -0.105286   0.962576  -0.517327   -1.80786   -2.65433   -1.11702   -2.10888
       -0        -0        -0        -0        -0        -0        -0        -0        -0        -0  -2.72605  -1.23034  -2.25569  -2.51522  -2.84496  -1.44539  -2.48533  -1.11702    0.7787 -0.689077
       -0        -0        -0        -0        -0        -0        -0        -0        -0        -0  0.889541  -1.94788 -0.658879 -0.155965 -0.300974 -0.262347  0.444141  -2.10888 -0.689077  -1.25189
-0.730458   1.18826   1.22718   1.54392    2.6996   2.99504 -0.190073   2.24905  0.359744 -0.766314        -0        -0        -0        -0        -0        -0        -0        -0        -0        -0
   1.18826    1.69589     1.5802     2.7379    1.55114 -0.0620179  -0.817838   0.562442     1.8857    1.32185         -0         -0         -0         -0         -0         -0         -0         -0         -0         -0
 1.22718   1.5802  2.05851  2.00647  1.80325 0.610043   1.6193  2.01116  1.71544   1.1364       -0       -0       -0       -0       -0       -0       -0       -0       -0       -0
 1.54392   2.7379  2.00647 0.822008 -0.79263  2.05355   2.8164  1.05229  1.96979  1.85299       -0       -0       -0       -0       -0       -0       -0       -0       -0       -0
  2.6996  1.55114  1.80325 -0.79263  2.99508 -0.17596  1.00417 0.769812 0.939249  1.13825       -0       -0       -0       -0       -0       -0       -0       -0       -0       -0
   2.99504 -0.0620179   0.610043    2.05355   -0.17596   0.346213  -0.559327    2.00624    2.53948  -0.859425         -0         -0         -0         -0         -0         -0         -0         -0         -0         -0
-0.190073 -0.817838    1.6193    2.8164   1.00417 -0.559327 -0.902854   2.06665 -0.683999   2.29366        -0        -0        -0        -0        -0        -0        -0        -0        -0        -0
 2.24905 0.562442  2.01116  1.05229 0.769812  2.00624  2.06665  1.32991 0.352287   1.2354       -0       -0       -0       -0       -0       -0       -0       -0       -0       -0
 0.359744    1.8857   1.71544   1.96979  0.939249   2.53948 -0.683999  0.352287  0.511924   2.28227        -0        -0        -0        -0        -0        -0        -0        -0        -0        -0
-0.766314   1.32185    1.1364   1.85299   1.13825 -0.859425   2.29366    1.2354   2.28227  0.156501        -0        -0        -0        -0        -0        -0        -0        -0        -0        -0
       -0        -0        -0        -0        -0        -0        -0        -0        -0        -0  0.730458  -1.18826  -1.22718  -1.54392   -2.6996  -2.99504  0.190073  -2.24905 -0.359744  0.766314
       -0        -0        -0        -0        -0        -0        -0        -0        -0        -0  -1.18826  -1.69589   -1.5802   -2.7379  -1.55114 0.0620179  0.817838 -0.562442   -1.8857  -1.32185
       -0        -0        -0        -0        -0        -0        -0        -0        -0        -0  -1.22718   -1.5802  -2.05851  -2.00647  -1.80325 -0.610043   -1.6193  -2.01116  -1.71544   -1.1364
       -0        -0        -0        -0        -0        -0        -0        -0        -0        -0  -1.54392   -2.7379  -2.00647 -0.822008   0.79263  -2.05355   -2.8164  -1.05229  -1.96979  -1.85299
       -0        -0        -0        -0        -0        -0        -0        -0        -0        -0   -2.6996  -1.55114  -1.80325   0.79263  -2.99508   0.17596  -1.00417 -0.769812 -0.939249  -1.13825
       -0        -0        -0        -0        -0        -0        -0        -0        -0        -0  -2.99504 0.0620179 -0.610043  -2.05355   0.17596 -0.346213  0.559327  -2.00624  -2.53948  0.859425
      -0       -0       -0       -0       -0       -0       -0       -0       -0       -0 0.190073 0.817838  -1.6193  -2.8164 -1.00417 0.559327 0.902854 -2.06665 0.683999 -2.29366
       -0        -0        -0        -0        -0        -0        -0        -0        -0        -0  -2.24905 -0.562442  -2.01116  -1.05229 -0.769812  -2.00624  -2.06665  -1.32991 -0.352287   -1.2354
       -0        -0        -0        -0        -0        -0        -0        -0        -0        -0 -0.359744   -1.8857  -1.71544  -1.96979 -0.939249  -2.53948  0.683999 -0.352287 -0.511924  -2.28227
       -0        -0        -0        -0        -0        -0        -0        -0        -0        -0  0.766314  -1.32185   -1.1364  -1.85299  -1.13825  0.859425  -2.29366   -1.2354  -2.28227 -0.156501
  1.69542  0.427716  0.418435  0.317546 -0.391631  -0.80908  0.781063  0.572698  0.673029   2.11846        -0        -0        -0        -0        -0        -0        -0        -0        -0        -0
 0.427716 -0.821596    1.0144   1.58548   2.17058   2.55313   0.66706  0.742829  -0.20289   0.14574        -0        -0        -0        -0        -0        -0        -0        -0        -0        -0
0.418435   1.0144  2.51641 0.508993  2.52231  2.32108  2.83751  1.29609 0.453327  2.19915       -0       -0       -0       -0       -0       -0       -0       -0       -0       -0
  0.317546    1.58548   0.508993  -0.963511    2.09755    2.70733    2.29006  0.0950068 -0.0058879    1.95597         -0         -0         -0         -0         -0         -0         -0         -0         -0         -0
-0.391631   2.17058   2.52231   2.09755   2.31373   2.10797   0.70355 -0.159625 -0.495563 -0.564204        -0        -0        -0        -0        -0        -0        -0        -0        -0        -0
  -0.80908    2.55313    2.32108    2.70733    2.10797  -0.811532  -0.870428   0.609826  -0.438706 -0.0972953         -0         -0         -0         -0         -0         -0         -0         -0         -0         -0
 0.781063   0.66706   2.83751   2.29006   0.70355 -0.870428  0.382656   2.76551  0.182581   2.08554        -0        -0        -0        -0        -0        -0        -0        -0        -0        -0
 0.572698  0.742829   1.29609 0.0950068 -0.159625  0.609826   2.76551 -0.633654  0.866421  0.818452        -0        -0        -0        -0        -0        -0        -0        -0        -0        -0
  0.673029   -0.20289   0.453327 -0.0058879  -0.495563  -0.438706   0.182581   0.866421    2.36468     2.1315         -0         -0         -0         -0         -0         -0         -0         -0         -0         -0
   2.11846    0.14574    2.19915    1.95597  -0.564204 -0.0972953    2.08554   0.818452     2.1315      -0.78         -0         -0         -0         -0         -0         -0         -0         -0         -0         -0
       -0        -0        -0        -0        -0        -0        -0        -0        -0        -0  -1.69542 -0.427716 -0.418435 -0.317546  0.391631   0.80908 -0.781063 -0.572698 -0.673029  -2.11846
       -0        -0        -0        -0        -0        -0        -0        -0        -0        -0 -0.427716  0.821596   -1.0144  -1.58548  -2.17058  -2.55313  -0.66706 -0.742829   0.20289  -0.14574
       -0        -0        -0        -0        -0        -0        -0        -0        -0        -0 -0.418435   -1.0144  -2.51641 -0.508993  -2.52231  -2.32108  -2.83751  -1.29609 -0.453327  -2.19915
        -0         -0         -0         -0         -0         -0         -0         -0         -0         -0  -0.317546   -1.58548  -0.508993   0.963511   -2.09755   -2.70733   -2.29006 -0.0950068  0.0058879   -1.95597
      -0       -0       -0       -0       -0       -0       -0       -0       -0       -0 0.391631 -2.17058 -2.52231 -2.09755 -2.31373 -2.10797 -0.70355 0.159625 0.495563 0.564204
       -0        -0        -0        -0        -0        -0        -0        -0        -0        -0   0.80908  -2.55313  -2.32108  -2.70733  -2.10797  0.811532  0.870428 -0.609826  0.438706 0.0972953
       -0        -0        -0        -0        -0        -0        -0        -0        -0        -0 -0.781063  -0.66706  -2.83751  -2.29006  -0.70355  0.870428 -0.382656  -2.76551 -0.182581  -2.08554
        -0         -0         -0         -0         -0         -0         -0         -0         -0         -0  -0.572698  -0.742829   -1.29609 -0.0950068   0.159625  -0.609826   -2.76551   0.633654  -0.866421  -0.818452
       -0        -0        -0        -0        -0        -0        -0        -0        -0        -0 -0.673029   0.20289 -0.453327 0.0058879  0.495563  0.438706 -0.182581 -0.866421  -2.36468   -2.1315
       -0        -0        -0        -0        -0        -0        -0        -0        -0        -0  -2.11846  -0.14574  -2.19915  -1.95597  0.564204 0.0972953  -2.08554 -0.818452   -2.1315      0.78
-0.056031   2.46491 -0.448634   1.00402    1.7342   1.55972 -0.622021   2.27456  0.949775  0.581526        -0        -0        -0        -0        -0        -0        -0        -0        -0        -0
  2.46491 -0.157421   2.74251  0.188164   2.31775 -0.810493   1.59807 -0.151685   1.83683   2.41452        -0        -0        -0        -0        -0        -0        -0        -0        -0        -0
-0.448634   2.74251  0.989948 -0.511078   1.78218 -0.888433 -0.592226   1.32561   1.50326 -0.936489        -0        -0        -0        -0        -0        -0        -0        -0        -0        -0
   1.00402   0.188164  -0.511078    2.96684 -0.0126142  -0.450329    -0.1331    1.05674    1.06134   0.989301         -0         -0         -0         -0         -0         -0         -0         -0         -0         -0
    1.7342    2.31775    1.78218 -0.0126142  -0.764016    2.94003    1.56492   0.835701     2.3865  -0.718582         -0         -0         -0         -0         -0         -0         -0         -0         -0         -0
  1.55972 -0.810493 -0.888433 -0.450329   2.94003   1.81004 -0.163998   1.56159   1.44329   1.62843        -0        -0        -0        -0        -0        -0        -0        -0        -0        -0
-0.622021   1.59807 -0.592226   -0.1331   1.56492 -0.163998   2.15503   1.67561 -0.128617    1.8253        -0        -0        -0        -0        -0        -0        -0        -0        -0        -0
  2.27456 -0.151685   1.32561   1.05674  0.835701   1.56159   1.67561  0.580714   1.36192   2.43644        -0        -0        -0        -0        -0        -0        -0        -0        -0        -0
 0.949775   1.83683   1.50326   1.06134    2.3865   1.44329 -0.128617   1.36192   2.03654   2.96339        -0        -0        -0        -0        -0        -0        -0        -0        -0        -0
  0.581526    2.41452  -0.936489   0.989301  -0.718582    1.62843     1.8253    2.43644    2.96339 -0.0605782         -0         -0         -0         -0         -0         -0         -0         -0         -0         -0
       -0        -0        -0        -0        -0        -0        -0        -0        -0        -0  0.056031  -2.46491  0.448634  -1.00402   -1.7342  -1.55972  0.622021  -2.27456 -0.949775 -0.581526
       -0        -0        -0        -0        -0        -0        -0        -0        -0        -0  -2.46491  0.157421  -2.74251 -0.188164  -2.31775  0.810493  -1.59807  0.151685  -1.83683  -2.41452
       -0        -0        -0        -0        -0        -0        -0        -0        -0        -0  0.448634  -2.74251 -0.989948  0.511078  -1.78218  0.888433  0.592226  -1.32561  -1.50326  0.936489
       -0        -0        -0        -0        -0        -0        -0        -0        -0        -0  -1.00402 -0.188164  0.511078  -2.96684 0.0126142  0.450329    0.1331  -1.05674  -1.06134 -0.989301
       -0        -0        -0        -0        -0        -0        -0        -0        -0        -0   -1.7342  -2.31775  -1.78218 0.0126142  0.764016  -2.94003  -1.56492 -0.835701   -2.3865  0.718582
      -0       -0       -0       -0       -0       -0       -0       -0       -0       -0 -1.55972 0.810493 0.888433 0.450329 -2.94003 -1.81004 0.163998 -1.56159 -1.44329 -1.62843
      -0       -0       -0       -0       -0       -0       -0       -0       -0       -0 0.622021 -1.59807 0.592226   0.1331 -1.56492 0.163998 -2.15503 -1.67561 0.128617  -1.8253
       -0        -0        -0        -0        -0        -0        -0        -0        -0        -0  -2.27456  0.151685  -1.32561  -1.05674 -0.835701  -1.56159  -1.67561 -0.580714  -1.36192  -2.43644
       -0        -0        -0        -0        -0        -0        -0        -0        -0        -0 -0.949775  -1.83683  -1.50326  -1.06134   -2.3865  -1.44329  0.128617  -1.36192  -2.03654  -2.96339
       -0        -0        -0        -0        -0        -0        -0        -0        -0        -0 -0.581526  -2.41452  0.936489 -0.989301  0.718582  -1.62843   -1.8253  -2.43644  -2.96339 0.0605782
  1.44431   1.28406   2.55209   2.52941   2.55385   2.27949 -0.780264 -0.912962   1.13602   1.39268        -0        -0        -0        -0        -0        -0        -0        -0        -0        -0
    1.28406     2.15393    0.775385     2.84382 -0.00556573   -0.847319     2.68457   -0.719608     1.18358     1.65324          -0          -0          -0          -0          -0          -0          -0          -0          -0          -0
  2.55209  0.775385  0.681657  0.445377  0.298666  0.800481 -0.832438 -0.890002 -0.347091  0.341388        -0        -0        -0        -0        -0        -0        -0        -0        -0        -0
   2.52941    2.84382   0.445377   0.317148   0.999294 -0.0388566   0.665113   0.385704     2.9365    1.56024         -0         -0         -0         -0         -0         -0         -0         -0         -0         -0
    2.55385 -0.00556573    0.298666    0.999294    0.781748     2.76828  0.00171408     1.27969     2.14472   -0.681643          -0          -0          -0          -0          -0          -0          -0          -0          -0          -0
   2.27949  -0.847319   0.800481 -0.0388566    2.76828   0.565167  -0.218702   0.891746  -0.578807     1.3431         -0         -0         -0         -0         -0         -0         -0         -0         -0         -0
 -0.780264    2.68457  -0.832438   0.665113 0.00171408  -0.218702  -0.594815    2.89964   0.501666    2.34154         -0         -0         -0         -0         -0         -0         -0         -0         -0         -0
-0.912962 -0.719608 -0.890002  0.385704   1.27969  0.891746   2.89964   1.11092   1.06894 -0.276458        -0        -0        -0        -0        -0        -0        -0        -0        -0        -0
  1.13602   1.18358 -0.347091    2.9365   2.14472 -0.578807  0.501666   1.06894   1.43351 -0.714598        -0        -0        -0        -0        -0        -0        -0        -0        -0        -0
  1.39268   1.65324  0.341388   1.56024 -0.681643    1.3431   2.34154 -0.276458 -0.714598 -0.931921        -0        -0        -0        -0        -0        -0        -0        -0        -0        -0
      -0       -0       -0       -0       -0       -0       -0       -0       -0       -0 -1.44431 -1.28406 -2.55209 -2.52941 -2.55385 -2.27949 0.780264 0.912962 -1.13602 -1.39268
        -0         -0         -0         -0         -0         -0         -0         -0         -0         -0   -1.28406   -2.15393  -0.775385   -2.84382 0.00556573   0.847319   -2.68457   0.719608   -1.18358   -1.65324
       -0        -0        -0        -0        -0        -0        -0        -0        -0        -0  -2.55209 -0.775385 -0.681657 -0.445377 -0.298666 -0.800481  0.832438  0.890002  0.347091 -0.341388
       -0        -0        -0        -0        -0        -0        -0        -0        -0        -0  -2.52941  -2.84382 -0.445377 -0.317148 -0.999294 0.0388566 -0.665113 -0.385704   -2.9365  -1.56024
         -0          -0          -0          -0          -0          -0          -0          -0          -0          -0    -2.55385  0.00556573   -0.298666   -0.999294   -0.781748    -2.76828 -0.00171408    -1.27969    -2.14472    0.681643
       -0        -0        -0        -0        -0        -0        -0        -0        -0        -0  -2.27949  0.847319 -0.800481 0.0388566  -2.76828 -0.565167  0.218702 -0.891746  0.578807   -1.3431
         -0          -0          -0          -0          -0          -0          -0          -0          -0          -0    0.780264    -2.68457    0.832438   -0.665113 -0.00171408    0.218702    0.594815    -2.89964   -0.501666    -2.34154
       -0        -0        -0        -0        -0        -0        -0        -0        -0        -0  0.912962  0.719608  0.890002 -0.385704  -1.27969 -0.891746  -2.89964  -1.11092  -1.06894  0.276458
       -0        -0        -0        -0        -0        -0        -0        -0        -0        -0  -1.13602  -1.18358  0.347091   -2.9365  -2.14472  0.578807 -0.501666  -1.06894  -1.43351  0.714598
       -0        -0        -0        -0        -0        -0        -0        -0        -0        -0  -1.39268  -1.65324 -0.341388  -1.56024  0.681643   -1.3431  -2.34154  0.276458  0.714598  0.931921
  2.83911   1.15801  0.970084 -0.495277   2.73476   2.59501   2.09649   1.00503   2.26381  0.692646        -0        -0        -0        -0        -0        -0        -0        -0        -0        -0
  1.15801    1.8751   1.53486   0.19987   2.88635 -0.809528  0.450051   1.98529   2.31583  0.173496        -0        -0        -0        -0        -0        -0        -0        -0        -0        -0
 0.970084   1.53486 -0.681135   1.31241   2.09553   2.41358   2.11173   2.09416  0.418546  0.581457        -0        -0        -0        -0        -0        -0        -0        -0        -0        -0
-0.495277   0.19987   1.31241 -0.146806   1.66329   2.91387  0.408906  0.100559   1.67739 -0.195628        -0        -0        -0        -0        -0        -0        -0        -0        -0        -0
 2.73476  2.88635  2.09553  1.66329  1.69727  2.50194  1.30325 0.648571   2.2297   1.5824       -0       -0       -0       -0       -0       -0       -0       -0       -0       -0
   2.59501  -0.809528    2.41358    2.91387    2.50194  -0.491316  -0.739301   0.791434 -0.0795112     2.8847         -0         -0         -0         -0         -0         -0         -0         -0         -0         -0
  2.09649  0.450051   2.11173  0.408906   1.30325 -0.739301  0.479465   2.00769   2.18608  0.065071        -0        -0        -0        -0        -0        -0        -0        -0        -0        -0
  1.00503   1.98529   2.09416  0.100559  0.648571  0.791434   2.00769    1.3851   2.78079 -0.938133        -0        -0        -0        -0        -0        -0        -0        -0        -0        -0
   2.26381    2.31583   0.418546    1.67739     2.2297 -0.0795112    2.18608    2.78079    1.07701   0.669301         -0         -0         -0         -0         -0         -0         -0         -0         -0         -0
 0.692646  0.173496  0.581457 -0.195628    1.5824    2.8847  0.065071 -0.938133  0.669301 -0.684408        -0        -0        -0        -0        -0        -0        -0        -0        -0        -0
       -0        -0        -0        -0        -0        -0        -0        -0        -0        -0  -2.83911  -1.15801 -0.970084  0.495277  -2.73476  -2.59501  -2.09649  -1.00503  -2.26381 -0.692646
       -0        -0        -0        -0        -0        -0        -0        -0        -0        -0  -1.15801   -1.8751  -1.53486  -0.19987  -2.88635  0.809528 -0.450051  -1.98529  -2.31583 -0.173496
       -0        -0        -0        -0        -0        -0        -0        -0        -0        -0 -0.970084  -1.53486  0.681135  -1.31241  -2.09553  -2.41358  -2.11173  -2.09416 -0.418546 -0.581457
       -0        -0        -0        -0        -0        -0        -0        -0        -0        -0  0.495277  -0.19987  -1.31241  0.146806  -1.66329  -2.91387 -0.408906 -0.100559  -1.67739  0.195628
       -0        -0        -0        -0        -0        -0        -0        -0        -0        -0  -2.73476  -2.88635  -2.09553  -1.66329  -1.69727  -2.50194  -1.30325 -0.648571   -2.2297   -1.5824
       -0        -0        -0        -0        -0        -0        -0        -0        -0        -0  -2.59501  0.809528  -2.41358  -2.91387  -2.50194  0.491316  0.739301 -0.791434 0.0795112   -2.8847
       -0        -0        -0        -0        -0        -0        -0        -0        -0        -0  -2.09649 -0.450051  -2.11173 -0.408906  -1.30325  0.739301 -0.479465  -2.00769  -2.18608 -0.065071
       -0        -0        -0        -0        -0        -0        -0        -0        -0        -0  -1.00503  -1.98529  -2.09416 -0.100559 -0.648571 -0.791434  -2.00769   -1.3851  -2.78079  0.938133
       -0        -0        -0        -0        -0        -0        -0        -0        -0        -0  -2.26381  -2.31583 -0.418546  -1.67739   -2.2297 0.0795112  -2.18608  -2.78079  -1.07701 -0.669301
       -0        -0        -0        -0        -0        -0        -0        -0        -0        -0 -0.692646 -0.173496 -0.581457  0.195628   -1.5824   -2.8847 -0.065071  0.938133 -0.669301  0.684408
  2.26967 0.0106484  -0.40676   1.08008   1.90932  -0.82329   1.55695 -0.459417   2.88787  0.336924        -0        -0        -0        -0        -0        -0        -0        -0        -0        -0
 0.0106484    1.59836    2.89504  -0.485873 -0.0288547    1.59415    2.16427    1.53857   0.396617   0.092071         -0         -0         -0         -0         -0         -0         -0         -0         -0         -0
 -0.40676   2.89504   1.60018   2.40303 -0.736683   1.62028  0.718059   2.06955   1.93803   1.07631        -0        -0        -0        -0        -0        -0        -0        -0        -0        -0
  1.08008 -0.485873   2.40303  0.380957   1.10123   1.77689  0.959981   -0.1961   1.50816   2.05498        -0        -0        -0        -0        -0        -0        -0        -0        -0        -0
   1.90932 -0.0288547  -0.736683    1.10123    2.40034  -0.231154  -0.454777  -0.360205  -0.826489    2.05205         -0         -0         -0         -0         -0         -0         -0         -0         -0         -0
 -0.82329   1.59415   1.62028   1.77689 -0.231154    2.3197  -0.40398   1.46988   2.70688   1.62153        -0        -0        -0        -0        -0        -0        -0        -0        -0        -0
  1.55695   2.16427  0.718059  0.959981 -0.454777  -0.40398    1.1379   1.34297  0.827854     2.651        -0        -0        -0        -0        -0        -0        -0        -0        -0        -0
-0.459417   1.53857   2.06955   -0.1961 -0.360205   1.46988   1.34297  0.162634 -0.867008  0.189955        -0        -0        -0        -0        -0        -0        -0        -0        -0        -0
  2.88787  0.396617   1.93803   1.50816 -0.826489   2.70688  0.827854 -0.867008   1.53512  0.497159        -0        -0        -0        -0        -0        -0        -0        -0        -0        -0
0.336924 0.092071  1.07631  2.05498  2.05205  1.62153    2.651 0.189955 0.497159  2.28025       -0       -0       -0       -0       -0       -0       -0       -0       -0       -0
        -0         -0         -0         -0         -0         -0         -0         -0         -0         -0   -2.26967 -0.0106484    0.40676   -1.08008   -1.90932    0.82329   -1.55695   0.459417   -2.88787  -0.336924
        -0         -0         -0         -0         -0         -0         -0         -0         -0         -0 -0.0106484   -1.59836   -2.89504   0.485873  0.0288547   -1.59415   -2.16427   -1.53857  -0.396617  -0.092071
       -0        -0        -0        -0        -0        -0        -0        -0        -0        -0   0.40676  -2.89504  -1.60018  -2.40303  0.736683  -1.62028 -0.718059  -2.06955  -1.93803  -1.07631
       -0        -0        -0        -0        -0        -0        -0        -0        -0        -0  -1.08008  0.485873  -2.40303 -0.380957  -1.10123  -1.77689 -0.959981    0.1961  -1.50816  -2.05498
       -0        -0        -0        -0        -0        -0        -0        -0        -0        -0  -1.90932 0.0288547  0.736683  -1.10123  -2.40034  0.231154  0.454777  0.360205  0.826489  -2.05205
      -0       -0       -0       -0       -0       -0       -0       -0       -0       -0  0.82329 -1.59415 -1.62028 -1.77689 0.231154  -2.3197  0.40398 -1.46988 -2.70688 -1.62153
       -0        -0        -0        -0        -0        -0        -0        -0        -0        -0  -1.55695  -2.16427 -0.718059 -0.959981  0.454777   0.40398   -1.1379  -1.34297 -0.827854    -2.651
       -0        -0        -0        -0        -0        -0        -0        -0        -0        -0  0.459417  -1.53857  -2.06955    0.1961  0.360205  -1.46988  -1.34297 -0.162634  0.867008 -0.189955
       -0        -0        -0        -0        -0        -0        -0        -0        -0        -0  -2.88787 -0.396617  -1.93803  -1.50816  0.826489  -2.70688 -0.827854  0.867008  -1.53512 -0.497159
       -0        -0        -0        -0        -0        -0        -0        -0        -0        -0 -0.336924 -0.092071  -1.07631  -2.05498  -2.05205  -1.62153    -2.651 -0.189955 -0.497159  -2.28025
  2.28836  0.528499   1.75717   2.07398 -0.435661   2.89313    -0.658    1.6923  0.702188   2.64229        -0        -0        -0        -0        -0        -0        -0        -0        -0        -0
 0.528499   2.50912 0.0877367   2.33096 -0.455334   2.10135   2.47544   1.68979   1.81321 -0.214665        -0        -0        -0        -0        -0        -0        -0        -0        -0        -0
  1.75717 0.0877367    2.8006   1.98991   1.48178 -0.534981   0.91994 -0.275711  0.118671   1.65185        -0        -0        -0        -0        -0        -0        -0        -0        -0        -0
  2.07398   2.33096   1.98991 -0.107204 -0.991351   2.69372   2.33191  0.174082   1.16721  0.562226        -0        -0        -0        -0        -0        -0        -0        -0        -0        -0
-0.435661 -0.455334   1.48178 -0.991351 0.0111943   2.93483 -0.631763   1.69844   1.50693 -0.882758        -0        -0        -0        -0        -0        -0        -0        -0        -0        -0
  2.89313   2.10135 -0.534981   2.69372   2.93483 -0.392261    2.6088  0.735484 0.0535003   2.02009        -0        -0        -0        -0        -0        -0        -0        -0        -0        -0
   -0.658   2.47544   0.91994   2.33191 -0.631763    2.6088  0.163457  0.673136   1.77495  0.171028        -0        -0        -0        -0        -0        -0        -0        -0        -0        -0
   1.6923   1.68979 -0.275711  0.174082   1.69844  0.735484  0.673136   1.32491  0.053306  0.280699        -0        -0        -0        -0        -0        -0        -0        -0        -0        -0
 0.702188   1.81321  0.118671   1.16721   1.50693 0.0535003   1.77495  0.053306 -0.556665   1.73973        -0        -0        -0        -0        -0        -0        -0        -0        -0        -0
  2.64229 -0.214665   1.65185  0.562226 -0.882758   2.02009  0.171028  0.280699   1.73973   2.29648        -0        -0        -0        -0        -0        -0        -0        -0        -0        -0
       -0        -0        -0        -0        -0        -0        -0        -0        -0        -0  -2.28836 -0.528499  -1.75717  -2.07398  0.435661  -2.89313     0.658   -1.6923 -0.702188  -2.64229
        -0         -0         -0         -0         -0         -0         -0         -0         -0         -0  -0.528499   -2.50912 -0.0877367   -2.33096   0.455334   -2.10135   -2.47544   -1.68979   -1.81321   0.214665
        -0         -0         -0         -0         -0         -0         -0         -0         -0         -0   -1.75717 -0.0877367    -2.8006   -1.98991   -1.48178   0.534981   -0.91994   0.275711  -0.118671   -1.65185
       -0        -0        -0        -0        -0        -0        -0        -0        -0        -0  -2.07398  -2.33096  -1.98991  0.107204  0.991351  -2.69372  -2.33191 -0.174082  -1.16721 -0.562226
        -0         -0         -0         -0         -0         -0         -0         -0         -0         -0   0.435661   0.455334   -1.48178   0.991351 -0.0111943   -2.93483   0.631763   -1.69844   -1.50693   0.882758
        -0         -0         -0         -0         -0         -0         -0         -0         -0         -0   -2.89313   -2.10135   0.534981   -2.69372   -2.93483   0.392261    -2.6088  -0.735484 -0.0535003   -2.02009
       -0        -0        -0        -0        -0        -0        -0        -0        -0        -0     0.658  -2.47544  -0.91994  -2.33191  0.631763   -2.6088 -0.163457 -0.673136  -1.77495 -0.171028
       -0        -0        -0        -0        -0        -0        -0        -0        -0        -0   -1.6923  -1.68979  0.275711 -0.174082  -1.69844 -0.735484 -0.673136  -1.32491 -0.053306 -0.280699
        -0         -0         -0         -0         -0         -0         -0         -0         -0         -0  -0.702188   -1.81321  -0.118671   -1.16721   -1.50693 -0.0535003   -1.77495  -0.053306   0.556665   -1.73973
       -0        -0        -0        -0        -0        -0        -0        -0        -0        -0  -2.64229  0.214665  -1.65185 -0.562226  0.882758  -2.02009 -0.171028 -0.280699  -1.73973  -2.29648
 0.460323   1.29657 -0.169644   1.88564  0.500564 -0.347926  0.867828  0.271455  0.712529 -0.326042        -0        -0        -0        -0        -0        -0        -0        -0        -0        -0
  1.29657 -0.288206  -0.14409 -0.444322   2.85601   1.64131   1.27674   1.71642   1.90082   2.77587        -0        -0        -0        -0        -0        -0        -0        -0        -0        -0
-0.169644  -0.14409  0.697415   1.67406  0.278004  0.383801   2.81518    2.2375   2.15872 -0.433895        -0        -0        -0        -0        -0        -0        -0        -0        -0        -0
  1.88564 -0.444322   1.67406 -0.128097   2.15395   1.34949 -0.458112   1.54946   2.09633 -0.510862        -0        -0        -0        -0        -0        -0        -0        -0        -0        -0
 0.500564   2.85601  0.278004   2.15395   2.27125   1.12351   2.14864  0.870369  0.250312 -0.682244        -0        -0        -0        -0        -0        -0        -0        -0        -0        -0
-0.347926   1.64131  0.383801   1.34949   1.12351   2.80194   1.55547   1.50875  0.282236   2.71475        -0        -0        -0        -0        -0        -0        -0        -0        -0        -0
 0.867828   1.27674   2.81518 -0.458112   2.14864   1.55547  0.822066   1.70646   1.89827   2.04461        -0        -0        -0        -0        -0        -0        -0        -0        -0        -0
0.271455  1.71642   2.2375  1.54946 0.870369  1.50875  1.70646 0.184637 0.414457  1.13982       -0       -0       -0       -0       -0       -0       -0       -0       -0       -0
 0.712529   1.90082   2.15872   2.09633  0.250312  0.282236   1.89827  0.414457   0.90804 -0.580008        -0        -0        -0        -0        -0        -0        -0        -0        -0        -0
-0.326042   2.77587 -0.433895 -0.510862 -0.682244   2.71475   2.04461   1.13982 -0.580008 -0.739536        -0        -0        -0        -0        -0        -0        -0        -0        -0        -0
       -0        -0        -0        -0        -0        -0        -0        -0        -0        -0 -0.460323  -1.29657  0.169644  -1.88564 -0.500564  0.347926 -0.867828 -0.271455 -0.712529  0.326042
      -0       -0       -0       -0       -0       -0       -0       -0       -0       -0 -1.29657 0.288206  0.14409 0.444322 -2.85601 -1.64131 -1.27674 -1.71642 -1.90082 -2.77587
       -0        -0        -0        -0        -0        -0        -0        -0        -0        -0  0.169644   0.14409 -0.697415  -1.67406 -0.278004 -0.383801  -2.81518   -2.2375  -2.15872  0.433895
      -0       -0       -0       -0       -0       -0       -0       -0       -0       -0 -1.88564 0.444322 -1.67406 0.128097 -2.15395 -1.34949 0.458112 -1.54946 -2.09633 0.510862
       -0        -0        -0        -0        -0        -0        -0        -0        -0        -0 -0.500564  -2.85601 -0.278004  -2.15395  -2.27125  -1.12351  -2.14864 -0.870369 -0.250312  0.682244
       -0        -0        -0        -0        -0        -0        -0        -0        -0        -0  0.347926  -1.64131 -0.383801  -1.34949  -1.12351  -2.80194  -1.55547  -1.50875 -0.282236  -2.71475
       -0        -0        -0        -0        -0        -0        -0        -0        -0        -0 -0.867828  -1.27674  -2.81518  0.458112  -2.14864  -1.55547 -0.822066  -1.70646  -1.89827  -2.04461
       -0        -0        -0        -0        -0        -0        -0        -0        -0        -0 -0.271455  -1.71642   -2.2375  -1.54946 -0.870369  -1.50875  -1.70646 -0.184637 -0.414457  -1.13982
       -0        -0        -0        -0        -0        -0        -0        -0        -0        -0 -0.712529  -1.90082  -2.15872  -2.09633 -0.250312 -0.282236  -1.89827 -0.414457  -0.90804  0.580008
      -0       -0       -0       -0       -0       -0       -0       -0       -0       -0 0.326042 -2.77587 0.433895 0.510862 0.682244 -2.71475 -2.04461 -1.13982 0.580008 0.739536
 0.521321   2.46479 -0.971618   2.55009   2.11129  0.416774   2.39162   1.42572    1.5654   -0.2451        -0        -0        -0        -0        -0        -0        -0        -0        -0        -0
  2.46479   2.74442   2.75588  0.568553 0.0737346  0.758673   2.11842  0.563246   2.87356   2.46367        -0        -0        -0        -0        -0        -0        -0        -0        -0        -0
-0.971618   2.75588  0.589654   1.42067  0.150528 -0.966304   1.52962   2.15656   2.05649  0.564564        -0        -0        -0        -0        -0        -0        -0        -0        -0        -0
 2.55009 0.568553  1.42067  1.52697  2.52844  2.00643 0.812295  2.57625   1.5991  2.28452       -0       -0       -0       -0       -0       -0       -0       -0       -0       -0
  2.11129 0.0737346  0.150528   2.52844   2.69724   1.35316  0.645392 0.0916829   1.87999  0.275964        -0        -0        -0        -0        -0        -0        -0        -0        -0        -0
 0.416774  0.758673 -0.966304   2.00643   1.35316 -0.721289 -0.142998    1.8538  0.409653   2.20996        -0        -0        -0        -0        -0        -0        -0        -0        -0        -0
  2.39162   2.11842   1.52962  0.812295  0.645392 -0.142998 -0.526126   2.56753   1.87781 -0.858475        -0        -0        -0        -0        -0        -0        -0        -0        -0        -0
  1.42572  0.563246   2.15656   2.57625 0.0916829    1.8538   2.56753   1.28758   2.79383  0.749839        -0        -0        -0        -0        -0        -0        -0        -0        -0        -0
   1.5654   2.87356   2.05649    1.5991   1.87999  0.409653   1.87781   2.79383 -0.927952 -0.770431        -0        -0        -0        -0        -0        -0        -0        -0        -0        -0
  -0.2451   2.46367  0.564564   2.28452  0.275964   2.20996 -0.858475  0.749839 -0.770431   1.59348        -0        -0        -0        -0        -0        -0        -0        -0        -0        -0
       -0        -0        -0        -0        -0        -0        -0        -0        -0        -0 -0.521321  -2.46479  0.971618  -2.55009  -2.11129 -0.416774  -2.39162  -1.42572   -1.5654    0.2451
        -0         -0         -0         -0         -0         -0         -0         -0         -0         -0   -2.46479   -2.74442   -2.75588  -0.568553 -0.0737346  -0.758673   -2.11842  -0.563246   -2.87356   -2.46367
       -0        -0        -0        -0        -0        -0        -0        -0        -0        -0  0.971618  -2.75588 -0.589654  -1.42067 -0.150528  0.966304  -1.52962  -2.15656  -2.05649 -0.564564
       -0        -0        -0        -0        -0        -0        -0        -0        -0        -0  -2.55009 -0.568553  -1.42067  -1.52697  -2.52844  -2.00643 -0.812295  -2.57625   -1.5991  -2.28452
        -0         -0         -0         -0         -0         -0         -0         -0         -0         -0   -2.11129 -0.0737346  -0.150528   -2.52844   -2.69724   -1.35316  -0.645392 -0.0916829   -1.87999  -0.275964
       -0        -0        -0        -0        -0        -0        -0        -0        -0        -0 -0.416774 -0.758673  0.966304  -2.00643  -1.35316  0.721289  0.142998   -1.8538 -0.409653  -2.20996
       -0        -0        -0        -0        -0        -0        -0        -0        -0        -0  -2.39162  -2.11842  -1.52962 -0.812295 -0.645392  0.142998  0.526126  -2.56753  -1.87781  0.858475
        -0         -0         -0         -0         -0         -0         -0         -0         -0         -0   -1.42572  -0.563246   -2.15656   -2.57625 -0.0916829    -1.8538   -2.56753   -1.28758   -2.79383  -0.749839
       -0        -0        -0        -0        -0        -0        -0        -0        -0        -0   -1.5654  -2.87356  -2.05649   -1.5991  -1.87999 -0.409653  -1.87781  -2.79383  0.927952  0.770431
       -0        -0        -0        -0        -0        -0        -0        -0        -0        -0    0.2451  -2.46367 -0.564564  -2.28452 -0.275964  -2.20996  0.858475 -0.749839  0.770431  -1.59348
  2.83266   2.09689   1.02444  0.621631   2.08927   1.16284 -0.616112   2.66962   2.28516   1.82293        -0        -0        -0        -0        -0        -0        -0        -0        -0        -0
  2.09689    1.1014    2.6021  0.957219 -0.188669    1.9674 -0.698283 -0.456733 -0.835846  0.904443        -0        -0        -0        -0        -0        -0        -0        -0        -0        -0
  1.02444    2.6021   2.09875  0.683821 -0.335835 -0.234681   0.71809 -0.491156  0.608795   1.68422        -0        -0        -0        -0        -0        -0        -0        -0        -0        -0
 0.621631  0.957219  0.683821  0.778361   2.26265  0.261595   1.06771 -0.666213 -0.949521 -0.458978        -0        -0        -0        -0        -0        -0        -0        -0        -0        -0
  2.08927 -0.188669 -0.335835   2.26265   1.96472    1.5564   1.08008   2.80592  0.425748   2.97215        -0        -0        -0        -0        -0        -0        -0        -0        -0        -0
  1.16284    1.9674 -0.234681  0.261595    1.5564   2.65194   1.66453   2.47356 -0.834805   -0.2357        -0        -0        -0        -0        -0        -0        -0        -0        -0        -0
-0.616112 -0.698283   0.71809   1.06771   1.08008   1.66453  0.983075  0.698444   2.70242   2.20555        -0        -0        -0        -0        -0        -0        -0        -0        -0        -0
  2.66962 -0.456733 -0.491156 -0.666213   2.80592   2.47356  0.698444   1.12194   2.06206  0.955227        -0        -0        -0        -0        -0        -0        -0        -0        -0        -0
  2.28516 -0.835846  0.608795 -0.949521  0.425748 -0.834805   2.70242   2.06206  0.520555  0.871153        -0        -0        -0        -0        -0        -0        -0        -0        -0        -0
  1.82293  0.904443   1.68422 -0.458978   2.97215   -0.2357   2.20555  0.955227  0.871153 -0.340455        -0        -0        -0        -0        -0        -0        -0        -0        -0        -0
       -0        -0        -0        -0        -0        -0        -0        -0        -0        -0  -2.83266  -2.09689  -1.02444 -0.621631  -2.08927  -1.16284  0.616112  -2.66962  -2.28516  -1.82293
       -0        -0        -0        -0        -0        -0        -0        -0        -0        -0  -2.09689   -1.1014   -2.6021 -0.957219  0.188669   -1.9674  0.698283  0.456733  0.835846 -0.904443
       -0        -0        -0        -0        -0        -0        -0        -0        -0        -0  -1.02444   -2.6021  -2.09875 -0.683821  0.335835  0.234681  -0.71809  0.491156 -0.608795  -1.68422
       -0        -0        -0        -0        -0        -0        -0        -0        -0        -0 -0.621631 -0.957219 -0.683821 -0.778361  -2.26265 -0.261595  -1.06771  0.666213  0.949521  0.458978
       -0        -0        -0        -0        -0        -0        -0        -0        -0        -0  -2.08927  0.188669  0.335835  -2.26265  -1.96472   -1.5564  -1.08008  -2.80592 -0.425748  -2.97215
       -0        -0        -0        -0        -0        -0        -0        -0        -0        -0  -1.16284   -1.9674  0.234681 -0.261595   -1.5564  -2.65194  -1.66453  -2.47356  0.834805    0.2357
       -0        -0        -0        -0        -0        -0        -0        -0        -0        -0  0.616112  0.698283  -0.71809  -1.06771  -1.08008  -1.66453 -0.983075 -0.698444  -2.70242  -2.20555
       -0        -0        -0        -0        -0        -0        -0        -0        -0        -0  -2.66962  0.456733  0.491156  0.666213  -2.80592  -2.47356 -0.698444  -1.12194  -2.06206 -0.955227
       -0        -0        -0        -0        -0        -0        -0        -0        -0        -0  -2.28516  0.835846 -0.608795  0.949521 -0.425748  0.834805  -2.70242  -2.06206 -0.520555 -0.871153
       -0        -0        -0        -0        -0        -0        -0        -0        -0        -0  -1.82293 -0.904443  -1.68422  0.458978  -2.97215    0.2357  -2.20555 -0.955227 -0.871153  0.340455
  0.65274    1.2144 -0.448763   2.51747    1.4267 -0.605798  0.567932 -0.809786   2.32254   2.90974        -0        -0        -0        -0        -0        -0        -0        -0        -0        -0
   1.2144   1.41583   2.11135   1.99351   2.07366 -0.538198 -0.118778  0.899463 -0.624907   1.54215        -0        -0        -0        -0        -0        -0        -0        -0        -0        -0
-0.448763   2.11135   2.41339   2.41169   2.27552   1.85345   2.52742   1.19878  0.579936   1.92678        -0        -0        -0        -0        -0        -0        -0        -0        -0        -0
   2.51747    1.99351    2.41169  -0.279715    1.22731    2.80759 -0.0203814    2.46574    1.17598    2.43716         -0         -0         -0         -0         -0         -0         -0         -0         -0         -0
   1.4267   2.07366   2.27552   1.22731   1.89686   2.69726  0.601508 -0.873226 -0.817313   2.52177        -0        -0        -0        -0        -0        -0        -0        -0        -0        -0
-0.605798 -0.538198   1.85345   2.80759   2.69726   1.50582 -0.317478  0.095639  0.277197 -0.471716        -0        -0        -0        -0        -0        -0        -0        -0        -0        -0
  0.567932  -0.118778    2.52742 -0.0203814   0.601508  -0.317478    1.26587    0.20757  -0.318196  -0.880316         -0         -0         -0         -0         -0         -0         -0         -0         -0         -0
-0.809786  0.899463   1.19878   2.46574 -0.873226  0.095639   0.20757   2.58044   2.37583  0.787635        -0        -0        -0        -0        -0        -0        -0        -0        -0        -0
   2.32254  -0.624907   0.579936    1.17598  -0.817313   0.277197  -0.318196    2.37583 -0.0257831    2.85881         -0         -0         -0         -0         -0         -0         -0         -0         -0         -0
  2.90974   1.54215   1.92678   2.43716   2.52177 -0.471716 -0.880316  0.787635   2.85881   2.59245        -0        -0        -0        -0        -0        -0        -0        -0        -0        -0
       -0        -0        -0        -0        -0        -0        -0        -0        -0        -0  -0.65274   -1.2144  0.448763  -2.51747   -1.4267  0.605798 -0.567932  0.809786  -2.32254  -2.90974
       -0        -0        -0        -0        -0        -0        -0        -0        -0        -0   -1.2144  -1.41583  -2.11135  -1.99351  -2.07366  0.538198  0.118778 -0.899463  0.624907  -1.54215
       -0        -0        -0        -0        -0        -0        -0        -0        -0        -0  0.448763  -2.11135  -2.41339  -2.41169  -2.27552  -1.85345  -2.52742  -1.19878 -0.579936  -1.92678
       -0        -0        -0        -0        -0        -0        -0        -0        -0        -0  -2.51747  -1.99351  -2.41169  0.279715  -1.22731  -2.80759 0.0203814  -2.46574  -1.17598  -2.43716
       -0        -0        -0        -0        -0        -0        -0        -0        -0        -0   -1.4267  -2.07366  -2.27552  -1.22731  -1.89686  -2.69726 -0.601508  0.873226  0.817313  -2.52177
       -0        -0        -0        -0        -0        -0        -0        -0        -0        -0  0.605798  0.538198  -1.85345  -2.80759  -2.69726  -1.50582  0.317478 -0.095639 -0.277197  0.471716
       -0        -0        -0        -0        -0        -0        -0        -0        -0        -0 -0.567932  0.118778  -2.52742 0.0203814 -0.601508  0.317478  -1.26587  -0.20757  0.318196  0.880316
       -0        -0        -0        -0        -0        -0        -0        -0        -0        -0  0.809786 -0.899463  -1.19878  -2.46574  0.873226 -0.095639  -0.20757  -2.58044  -2.37583 -0.787635
       -0        -0        -0        -0        -0        -0        -0        -0        -0        -0  -2.32254  0.624907 -0.579936  -1.17598  0.817313 -0.277197  0.318196  -2.37583 0.0257831  -2.85881
       -0        -0        -0        -0        -0        -0        -0        -0        -0        -0  -2.90974  -1.54215  -1.92678  -2.43716  -2.52177  0.471716  0.880316 -0.787635  -2.85881  -2.59245
-0.0872438   0.840463   0.425003     2.1807     0.9429  -0.344749   0.484898  -0.903152    1.94136    2.99286         -0         -0         -0         -0         -0         -0         -0         -0         -0         -0
 0.840463 -0.478336  -0.96859   1.43612   1.86544   2.51418  0.642521  0.809814 -0.609598   1.51892        -0        -0        -0        -0        -0        -0        -0        -0        -0        -0
 0.425003  -0.96859 -0.786038 -0.212106 -0.987915   2.40499 -0.435575   1.46587  -0.57797  0.324253        -0        -0        -0        -0        -0        -0        -0        -0        -0        -0
   2.1807   1.43612 -0.212106 -0.327389   1.50606 -0.130787   1.27279 -0.891067   1.34635 -0.442713        -0        -0        -0        -0        -0        -0        -0        -0        -0        -0
   0.9429   1.86544 -0.987915   1.50606   1.28584   2.86596   1.31513 -0.684126  0.259614 -0.208289        -0        -0        -0        -0        -0        -0        -0        -0        -0        -0
-0.344749   2.51418   2.40499 -0.130787   2.86596   1.87356   1.11208 -0.248288 -0.712006   2.63939        -0        -0        -0        -0        -0        -0        -0        -0        -0        -0
 0.484898  0.642521 -0.435575   1.27279   1.31513   1.11208   1.57544   1.81866  0.219914   1.66937        -0        -0        -0        -0        -0        -0        -0        -0        -0        -0
-0.903152  0.809814   1.46587 -0.891067 -0.684126 -0.248288   1.81866   2.56778  0.864556   2.36716        -0        -0        -0        -0        -0        -0        -0        -0        -0        -0
  1.94136 -0.609598  -0.57797   1.34635  0.259614 -0.712006  0.219914  0.864556 0.0340205 -0.754189        -0        -0        -0        -0        -0        -0        -0        -0        -0        -0
  2.99286   1.51892  0.324253 -0.442713 -0.208289   2.63939   1.66937   2.36716 -0.754189   1.53628        -0        -0        -0        -0        -0        -0        -0        -0        -0        -0
       -0        -0        -0        -0        -0        -0        -0        -0        -0        -0 0.0872438 -0.840463 -0.425003   -2.1807   -0.9429  0.344749 -0.484898  0.903152  -1.94136  -2.99286
       -0        -0        -0        -0        -0        -0        -0        -0        -0        -0 -0.840463  0.478336   0.96859  -1.43612  -1.86544  -2.51418 -0.642521 -0.809814  0.609598  -1.51892
       -0        -0        -0        -0        -0        -0        -0        -0        -0        -0 -0.425003   0.96859  0.786038  0.212106  0.987915  -2.40499  0.435575  -1.46587   0.57797 -0.324253
      -0       -0       -0       -0       -0       -0       -0       -0       -0       -0  -2.1807 -1.43612 0.212106 0.327389 -1.50606 0.130787 -1.27279 0.891067 -1.34635 0.442713
       -0        -0        -0        -0        -0        -0        -0        -0        -0        -0   -0.9429  -1.86544  0.987915  -1.50606  -1.28584  -2.86596  -1.31513  0.684126 -0.259614  0.208289
      -0       -0       -0       -0       -0       -0       -0       -0       -0       -0 0.344749 -2.51418 -2.40499 0.130787 -2.86596 -1.87356 -1.11208 0.248288 0.712006 -2.63939
       -0        -0        -0        -0        -0        -0        -0        -0        -0        -0 -0.484898 -0.642521  0.435575  -1.27279  -1.31513  -1.11208  -1.57544  -1.81866 -0.219914  -1.66937
       -0        -0        -0        -0        -0        -0        -0        -0        -0        -0  0.903152 -0.809814  -1.46587  0.891067  0.684126  0.248288  -1.81866  -2.56778 -0.864556  -2.36716
        -0         -0         -0         -0         -0         -0         -0         -0         -0         -0   -1.94136   0.609598    0.57797   -1.34635  -0.259614   0.712006  -0.219914  -0.864556 -0.0340205   0.754189
       -0        -0        -0        -0        -0        -0        -0        -0        -0        -0  -2.99286  -1.51892 -0.324253  0.442713  0.208289  -2.63939  -1.66937  -2.36716  0.754189  -1.53628
  1.96758 -0.821899   1.41911   2.19068  0.106434   2.28157 0.0282346   2.84425   0.24334 -0.667857        -0        -0        -0        -0        -0        -0        -0        -0        -0        -0
-0.821899   2.17111  0.427745   2.56751   2.87117   1.27356   2.68022   1.41636   1.09878    2.1338        -0        -0        -0        -0        -0        -0        -0        -0        -0        -0
   1.41911   0.427745  -0.558937    2.97122    2.59961   0.850104   0.122843 -0.0135043    1.68896    2.09833         -0         -0         -0         -0         -0         -0         -0         -0         -0         -0
     2.19068      2.56751      2.97122      2.53678      2.41715      2.72263 -0.000546922      2.44386      2.09344     0.454986           -0           -0           -0           -0           -0           -0           -0           -0           -0           -0
 0.106434   2.87117   2.59961   2.41715 -0.528703   1.01693     2.217  0.833506  0.821408 -0.866751        -0        -0        -0        -0        -0        -0        -0        -0        -0        -0
  2.28157   1.27356  0.850104   2.72263   1.01693   2.83514    1.1238  0.457793 -0.294114   1.31533        -0        -0        -0        -0        -0        -0        -0        -0        -0        -0
   0.0282346      2.68022     0.122843 -0.000546922        2.217       1.1238     0.422263     -0.43906      1.92858      2.57879           -0           -0           -0           -0           -0           -0           -0           -0           -0           -0
   2.84425    1.41636 -0.0135043    2.44386   0.833506   0.457793   -0.43906  -0.179019    1.77681   0.555513         -0         -0         -0         -0         -0         -0         -0         -0         -0         -0
  0.24334   1.09878   1.68896   2.09344  0.821408 -0.294114   1.92858   1.77681   1.10556   0.73108        -0        -0        -0        -0        -0        -0        -0        -0        -0        -0
-0.667857    2.1338   2.09833  0.454986 -0.866751   1.31533   2.57879  0.555513   0.73108 -0.111287        -0        -0        -0        -0        -0        -0        -0        -0        -0        -0
        -0         -0         -0         -0         -0         -0         -0         -0         -0         -0   -1.96758   0.821899   -1.41911   -2.19068  -0.106434   -2.28157 -0.0282346   -2.84425   -0.24334   0.667857
       -0        -0        -0        -0        -0        -0        -0        -0        -0        -0  0.821899  -2.17111 -0.427745  -2.56751  -2.87117  -1.27356  -2.68022  -1.41636  -1.09878   -2.1338
       -0        -0        -0        -0        -0        -0        -0        -0        -0        -0  -1.41911 -0.427745  0.558937  -2.97122  -2.59961 -0.850104 -0.122843 0.0135043  -1.68896  -2.09833
         -0          -0          -0          -0          -0          -0          -0          -0          -0          -0    -2.19068    -2.56751    -2.97122    -2.53678    -2.41715    -2.72263 0.000546922    -2.44386    -2.09344   -0.454986
       -0        -0        -0        -0        -0        -0        -0        -0        -0        -0 -0.106434  -2.87117  -2.59961  -2.41715  0.528703  -1.01693    -2.217 -0.833506 -0.821408  0.866751
       -0        -0        -0        -0        -0        -0        -0        -0        -0        -0  -2.28157  -1.27356 -0.850104  -2.72263  -1.01693  -2.83514   -1.1238 -0.457793  0.294114  -1.31533
         -0          -0          -0          -0          -0          -0          -0          -0          -0          -0  -0.0282346    -2.68022   -0.122843 0.000546922      -2.217     -1.1238   -0.422263     0.43906    -1.92858    -2.57879
       -0        -0        -0        -0        -0        -0        -0        -0        -0        -0  -2.84425  -1.41636 0.0135043  -2.44386 -0.833506 -0.457793   0.43906  0.179019  -1.77681 -0.555513
       -0        -0        -0        -0        -0        -0        -0        -0        -0        -0  -0.24334  -1.09878  -1.68896  -2.09344 -0.821408  0.294114  -1.92858  -1.77681  -1.10556  -0.73108
       -0        -0        -0        -0        -0        -0        -0        -0        -0        -0  0.667857   -2.1338  -2.09833 -0.454986  0.866751  -1.31533  -2.57879 -0.555513  -0.73108  0.111287
  1.67084  0.995525 -0.356964 -0.116028   2.69414   2.52875 -0.759771  0.268165  0.842087 -0.570097        -0        -0        -0        -0        -0        -0        -0        -0        -0        -0
 0.995525    2.2029   1.96148   1.98933  0.957958   1.65438  -0.53568   1.33189 -0.889967 -0.701198        -0        -0        -0        -0        -0        -0        -0        -0        -0        -0
-0.356964   1.96148   1.62973   0.36311   1.49008   2.16862 -0.770725  0.906032  0.210379 -0.359533        -0        -0        -0        -0        -0        -0        -0        -0        -0        -0
-0.116028   1.98933   0.36311 -0.810956  0.725266   1.15847   0.60334   2.75824 0.0107076 -0.340822        -0        -0        -0        -0        -0        -0        -0        -0        -0        -0
  2.69414  0.957958   1.49008  0.725266   1.64244   1.39575 -0.346636 -0.942847   1.26851  0.902142        -0        -0        -0        -0        -0        -0        -0        -0        -0        -0
  2.52875   1.65438   2.16862   1.15847   1.39575   2.58509   1.87594 -0.451526   2.60612  0.293831        -0        -0        -0        -0        -0        -0        -0        -0        -0        -0
-0.759771  -0.53568 -0.770725   0.60334 -0.346636   1.87594   2.98564 -0.455338 -0.404202   2.53512        -0        -0        -0        -0        -0        -0        -0        -0        -0        -0
 0.268165   1.33189  0.906032   2.75824 -0.942847 -0.451526 -0.455338   0.63495   2.18996  0.887783        -0        -0        -0        -0        -0        -0        -0        -0        -0        -0
 0.842087 -0.889967  0.210379 0.0107076   1.26851   2.60612 -0.404202   2.18996 -0.941427   2.27482        -0        -0        -0        -0        -0        -0        -0        -0        -0        -0
-0.570097 -0.701198 -0.359533 -0.340822  0.902142  0.293831   2.53512  0.887783   2.27482   1.17287        -0        -0        -0        -0        -0        -0        -0        -0        -0        -0
       -0        -0        -0        -0        -0        -0        -0        -0        -0        -0  -1.67084 -0.995525  0.356964  0.116028  -2.69414  -2.52875  0.759771 -0.268165 -0.842087  0.570097
       -0        -0        -0        -0        -0        -0        -0        -0        -0        -0 -0.995525   -2.2029  -1.96148  -1.98933 -0.957958  -1.65438   0.53568  -1.33189  0.889967  0.701198
       -0        -0        -0        -0        -0        -0        -0        -0        -0        -0  0.356964  -1.96148  -1.62973  -0.36311  -1.49008  -2.16862  0.770725 -0.906032 -0.210379  0.359533
        -0         -0         -0         -0         -0         -0         -0         -0         -0         -0   0.116028   -1.98933   -0.36311   0.810956  -0.725266   -1.15847   -0.60334   -2.75824 -0.0107076   0.340822
       -0        -0        -0        -0        -0        -0        -0        -0        -0        -0  -2.69414 -0.957958  -1.49008 -0.725266  -1.64244  -1.39575  0.346636  0.942847  -1.26851 -0.902142
       -0        -0        -0        -0        -0        -0        -0        -0        -0        -0  -2.52875  -1.65438  -2.16862  -1.15847  -1.39575  -2.58509  -1.87594  0.451526  -2.60612 -0.293831
      -0       -0       -0       -0       -0       -0       -0       -0       -0       -0 0.759771  0.53568 0.770725 -0.60334 0.346636 -1.87594 -2.98564 0.455338 0.404202 -2.53512
       -0        -0        -0        -0        -0        -0        -0        -0        -0        -0 -0.268165  -1.33189 -0.906032  -2.75824  0.942847  0.451526  0.455338  -0.63495  -2.18996 -0.887783
        -0         -0         -0         -0         -0         -0         -0         -0         -0         -0  -0.842087   0.889967  -0.210379 -0.0107076   -1.26851   -2.60612   0.404202   -2.18996   0.941427   -2.27482
       -0        -0        -0        -0        -0        -0        -0        -0        -0        -0  0.570097  0.701198  0.359533  0.340822 -0.902142 -0.293831  -2.53512 -0.887783  -2.27482  -1.17287
