1 19 182 1 0 0 0 0 1 0 0 0
1 33 155 0 1 0 0 0 0 0 1 0
1 20 105 0 0 1 0 0 0 1 0 0
1 21 108 0 0 1 0 0 1 0 1 0
1 18 107 0 0 1 0 0 1 0 0 0
1 21 124 0 1 0 0 0 0 0 0 0
1 22 118 0 0 0 0 0 0 1 0 0
1 17 103 0 1 0 0 0 0 1 0 0
1 29 123 0 0 1 0 0 0 1 0 0
1 26 113 0 0 1 0 0 0 0 0 0
1 19 95 0 1 0 0 0 0 0 0 0
1 19 150 0 1 0 0 0 0 1 0 0
1 22 95 0 1 0 0 1 0 0 0 0
1 30 107 0 1 0 1 0 1 0 1 0
1 18 100 0 0 1 0 0 0 0 0 0
1 18 100 0 0 1 0 0 0 0 0 0
1 15 98 1 0 0 0 0 0 0 0 0
1 25 118 0 0 1 0 0 0 0 1 0
1 20 120 0 1 0 0 0 1 0 0 0
1 28 120 0 0 1 0 0 0 1 0 0
1 32 121 0 1 0 0 0 0 0 1 0
1 31 100 0 0 0 0 0 1 0 1 0
1 36 202 0 0 0 0 0 0 1 0 0
1 28 120 0 1 0 0 0 0 0 0 0
1 25 120 0 1 0 0 0 1 0 1 0
1 28 167 0 0 0 0 0 0 0 0 0
1 17 122 0 0 1 0 0 0 0 0 0
1 29 150 0 0 0 0 0 0 0 1 0
1 26 168 1 0 1 0 0 0 0 0 0
1 17 113 1 0 0 0 0 0 1 0 0
1 17 113 1 0 0 0 0 0 1 0 0
1 24 90 0 0 1 1 0 0 1 0 0
1 35 121 1 0 1 1 0 0 1 0 0
1 25 155 0 0 0 0 0 0 1 0 0
1 25 125 1 0 0 0 0 0 0 0 0
1 29 140 0 0 1 0 0 0 0 1 0
1 19 138 0 0 1 0 0 0 0 1 0
1 27 124 0 0 1 0 0 0 0 0 0
1 31 215 0 0 1 0 0 0 0 1 0
1 33 109 0 0 1 0 0 0 1 0 0
1 21 185 1 0 1 0 0 0 0 1 0
1 19 189 0 0 0 0 0 0 0 1 0
1 23 130 1 0 0 0 0 0 1 0 0
1 21 160 0 0 0 0 0 0 0 0 0
1 18 90 0 0 1 0 0 1 0 0 0
1 18 90 0 0 1 0 0 1 0 0 0
1 32 132 0 0 0 0 0 0 0 1 0
1 19 132 0 1 0 0 0 0 0 0 0
1 24 115 0 0 0 0 0 0 0 1 0
1 22 85 0 1 1 0 0 0 0 0 0
1 22 120 0 0 0 0 1 0 1 0 0
1 23 128 0 1 0 0 0 0 0 0 0
1 22 130 0 0 1 0 0 0 0 0 0
1 30 95 0 0 1 0 0 0 0 1 0
1 19 115 0 1 0 0 0 0 0 0 0
1 16 110 0 1 0 0 0 0 0 0 0
1 21 110 0 1 1 0 0 1 0 0 0
1 30 153 0 1 0 0 0 0 0 0 0
1 20 103 0 1 0 0 0 0 0 0 0
1 17 119 0 1 0 0 0 0 0 0 0
1 17 119 0 1 0 0 0 0 0 0 0
1 23 119 0 1 0 0 0 0 0 1 0
1 24 110 0 1 0 0 0 0 0 0 0
1 28 140 0 0 0 0 0 0 0 0 0
1 26 133 0 1 1 1 0 0 0 0 0
1 20 169 0 1 0 1 0 1 1 0 0
1 24 115 0 1 0 0 0 0 0 1 0
1 28 250 0 1 1 0 0 0 0 1 0
1 20 141 0 0 0 1 0 1 1 0 0
1 22 158 1 0 0 1 0 0 0 1 0
1 22 112 0 0 1 1 0 0 0 0 0
1 31 150 0 1 1 0 0 0 0 1 0
1 23 115 0 1 1 0 0 0 1 0 0
1 16 112 1 0 0 0 0 0 0 0 0
1 16 135 0 0 1 0 0 0 0 0 0
1 18 229 1 0 0 0 0 0 0 0 0
1 25 140 0 0 0 0 0 0 1 0 0
1 32 134 0 0 1 1 0 0 0 1 0
1 20 121 1 0 1 0 0 0 0 0 0
1 23 190 0 0 0 0 0 0 0 0 0
1 22 131 0 0 0 0 0 0 1 0 0
1 32 170 0 0 0 0 0 0 0 0 0
1 30 110 0 1 0 0 0 0 0 0 0
1 20 127 0 1 0 0 0 0 0 0 0
1 23 123 0 1 0 0 0 0 0 0 0
1 17 120 0 1 1 0 0 0 0 0 0
1 19 105 0 1 0 0 0 0 0 0 0
1 23 130 0 0 0 0 0 0 0 0 0
1 36 175 0 0 0 0 0 0 0 0 0
1 22 125 0 0 0 0 0 0 1 0 0
1 24 133 0 0 0 0 0 0 0 0 0
1 21 134 0 1 0 0 0 0 0 1 0
1 19 235 0 0 1 0 1 0 0 0 0
1 25 95 0 0 1 1 0 1 0 0 0
1 16 135 0 0 1 0 0 0 0 0 0
1 29 135 0 0 0 0 0 0 1 0 0
1 29 154 0 0 0 0 0 0 1 0 0
1 19 147 0 0 1 0 0 0 0 0 0
1 19 147 0 0 1 0 0 0 0 0 0
1 30 137 0 0 0 0 0 0 1 0 0
1 24 110 0 0 0 0 0 0 1 0 0
1 19 184 0 0 1 0 1 0 0 0 0
1 24 110 0 1 0 1 0 0 0 0 0
1 23 110 0 0 0 0 0 0 1 0 0
1 20 120 0 1 0 0 0 0 0 0 0
1 25 241 1 0 0 0 1 0 0 0 0
1 30 112 0 0 0 0 0 0 1 0 0
1 22 169 0 0 0 0 0 0 0 0 0
1 18 120 0 0 1 0 0 0 0 1 0
1 16 170 1 0 0 0 0 0 0 1 0
1 32 186 0 0 0 0 0 0 0 1 0
1 18 120 0 1 0 0 0 0 1 0 0
1 29 130 0 0 1 0 0 0 0 1 0
1 33 117 0 0 0 0 0 1 1 0 0
1 20 170 0 0 1 0 0 0 0 0 0
1 28 134 0 1 0 0 0 0 1 0 0
1 14 135 0 0 0 0 0 0 0 0 0
1 28 130 0 1 0 0 0 0 0 0 0
1 25 120 0 0 0 0 0 0 0 1 0
1 16 95 0 1 0 0 0 0 1 0 0
1 20 158 0 0 0 0 0 0 1 0 0
1 26 160 0 1 0 0 0 0 0 0 0
1 21 115 0 0 0 0 0 0 1 0 0
1 22 129 0 0 0 0 0 0 0 0 0
1 25 130 0 0 0 0 0 0 0 1 0
1 31 120 0 0 0 0 0 0 0 1 0
1 35 170 0 0 0 1 0 0 1 0 0
1 19 120 0 0 1 0 0 0 0 0 0
1 24 116 0 0 0 0 0 0 1 0 0
1 45 123 0 0 0 0 0 0 1 0 0
1 28 120 0 1 1 1 0 1 0 0 1
1 29 130 0 0 0 0 0 1 0 1 1
1 34 187 1 0 1 0 1 0 0 0 1
1 25 105 0 1 0 1 1 0 0 0 1
1 25 85 0 1 0 0 0 1 0 0 1
1 27 150 0 1 0 0 0 0 0 0 1
1 23 97 0 1 0 0 0 1 1 0 1
1 24 128 1 0 0 1 0 0 1 0 1
1 24 132 0 1 0 0 1 0 0 0 1
1 21 165 0 0 1 0 1 0 1 0 1
1 32 105 0 0 1 0 0 0 0 0 1
1 19 91 0 0 1 1 0 1 0 0 1
1 25 115 0 1 0 0 0 0 0 0 1
1 16 130 0 1 0 0 0 0 1 0 1
1 25 92 0 0 1 0 0 0 0 0 1
1 20 150 0 0 1 0 0 0 0 1 1
1 21 200 1 0 0 0 0 1 0 1 1
1 24 155 0 0 1 1 0 0 0 0 1
1 21 103 0 1 0 0 0 0 0 0 1
1 20 125 0 1 0 0 0 1 0 0 1
1 25 89 0 1 0 1 0 0 1 0 1
1 19 102 0 0 0 0 0 0 0 1 1
1 19 112 0 0 1 0 0 1 0 0 1
1 26 117 0 0 1 1 0 0 0 0 1
1 24 138 0 0 0 0 0 0 0 0 1
1 17 130 0 1 1 1 0 1 0 0 1
1 20 120 1 0 1 0 0 0 0 1 1
1 22 130 0 0 1 1 0 1 1 0 1
1 27 130 1 0 0 0 0 1 0 0 1
1 20 80 0 1 1 0 0 1 0 0 1
1 17 110 0 0 1 0 0 0 0 0 1
1 25 105 0 1 0 1 0 0 1 0 1
1 20 109 0 1 0 0 0 0 0 0 1
1 18 148 0 1 0 0 0 0 0 0 1
1 18 110 1 0 1 1 0 0 0 0 1
1 20 121 0 0 1 1 0 1 0 0 1
1 21 100 0 1 0 1 0 0 0 1 1
1 26 96 0 1 0 0 0 0 0 0 1
1 31 102 0 0 1 1 0 0 1 0 1
1 15 110 0 0 0 0 0 0 0 0 1
1 23 187 1 0 1 0 0 0 1 0 1
1 20 122 1 0 1 0 0 0 0 0 1
1 24 105 1 0 1 0 0 0 0 0 1
1 15 115 0 1 0 0 0 1 0 0 1
1 23 120 0 1 0 0 0 0 0 0 1
1 30 142 0 0 1 1 0 0 0 0 1
1 22 130 0 0 1 0 0 0 1 0 1
1 17 120 0 0 1 0 0 0 0 1 1
1 23 110 0 0 1 1 0 0 0 0 1
1 17 120 1 0 0 0 0 0 0 1 1
1 26 154 0 1 0 1 1 0 1 0 1
1 20 105 0 1 0 0 0 0 0 1 1
1 26 190 0 0 1 0 0 0 0 0 1
1 14 101 0 1 1 1 0 0 0 0 1
1 28 95 0 0 1 0 0 0 0 1 1
1 14 100 0 1 0 0 0 0 0 1 1
1 23 94 0 1 1 0 0 0 0 0 1
1 17 142 1 0 0 0 1 0 0 0 1
1 21 130 0 0 1 0 1 0 0 1 1