20
1
20
 0.0862883  0.0378298  -0.326617  -0.143802  -0.358507  0.0186852  -0.294421   0.149853 -0.0198309 -0.0612621  -0.157315    0.15458 -0.0942979   0.489806  -0.329956 -0.0371024 -0.0790895   0.368954    0.14409  -0.225315
-43.2338 -18.4947 -13.7426 -22.0835 -28.9867 -19.4782 -19.8391 -10.5289 -13.0373 -20.4919 -15.9549  -17.791 -21.5454 -17.0321  -10.826  -18.593 -5.16866 -4.29145 -6.08618 -4.55032
-18.4947 -52.7112 -20.4591 -18.6356 -26.8851 -21.7231 -14.8674 -27.3957 -19.3916 -19.4994 -9.67378 -25.2292 -19.0079 -33.5891 -14.2507 -34.5541 -3.16371 -20.9035 -22.3873 -17.8776
-13.7426 -20.4591 -43.3159  -15.063 -28.5486 -15.9609 -14.4235 -20.2237 -7.70634 -21.0622 -13.2887 -28.6139 -27.0386 -26.7289 -20.1809 -40.6381 -7.45725 -21.3791 -9.85667 -13.6334
-22.0835 -18.6356  -15.063 -48.2687 -27.1449 -26.0865 -17.2574 -17.4724 -16.6947 -26.8262 -16.4713 -30.4795  -28.384 -33.8141 -9.23294 -27.9189 -6.36814 -13.3762 -21.7942 -12.0096
-28.9867 -26.8851 -28.5486 -27.1449 -72.9827   -30.97 -30.8857 -27.4112 -28.0996 -26.2054 -26.4875 -35.4387 -21.2191 -46.7827 -39.9493 -43.0342  -19.201 -28.6818 -20.3398 -22.8643
-19.4782 -21.7231 -15.9609 -26.0865   -30.97 -32.6371 -19.4879 -19.3998 -13.7116  -17.791 -12.0421 -26.1625 -21.5948 -28.7619 -15.3885 -30.1725 -11.6491 -12.1962 -18.3102  -16.692
-19.8391 -14.8674 -14.4235 -17.2574 -30.8857 -19.4879  -44.352 -10.5914 -3.50152 -10.0648 -9.66743 -20.8448 -26.5837 -26.6247 -16.1554 -29.5803 -5.26698  -15.898 -15.3693  -17.254
 -10.5289  -27.3957  -20.2237  -17.4724  -27.4112  -19.3998  -10.5914  -42.4193  -12.9521  -14.6931 -0.684361   -24.504  -12.0685  -27.6749  -13.2966  -23.3145  -5.38872  -17.7332  -15.9361  -15.2637
-13.0373 -19.3916 -7.70634 -16.6947 -28.0996 -13.7116 -3.50152 -12.9521 -33.5947 -16.9235 -12.9579  -17.996 -7.36643 -15.6913 -23.5195 -12.1014 -13.2631 -8.84534 -15.2017 -9.00181
-20.4919 -19.4994 -21.0622 -26.8262 -26.2054  -17.791 -10.0648 -14.6931 -16.9235 -37.3353 -19.8012 -18.5678 -23.4767 -19.3787 -17.5391 -27.4813 -11.3541 -15.3291 -6.05372 -14.3175
 -15.9549  -9.67378  -13.2887  -16.4713  -26.4875  -12.0421  -9.66743 -0.684361  -12.9579  -19.8012  -32.5099  -15.5425  -7.78851  -17.8062  -16.0653  -20.4975  -6.01132  -12.1862  -10.6888  -11.1878
 -17.791 -25.2292 -28.6139 -30.4795 -35.4387 -26.1625 -20.8448  -24.504  -17.996 -18.5678 -15.5425 -50.6075 -35.2071 -39.4234 -19.3834 -38.1892 -9.33177 -27.6043 -32.5437 -24.6473
-21.5454 -19.0079 -27.0386  -28.384 -21.2191 -21.5948 -26.5837 -12.0685 -7.36643 -23.4767 -7.78851 -35.2071 -57.6867 -29.1374 -12.2849 -36.8845 -12.2097 -20.9095 -13.3156 -20.0331
-17.0321 -33.5891 -26.7289 -33.8141 -46.7827 -28.7619 -26.6247 -27.6749 -15.6913 -19.3787 -17.8062 -39.4234 -29.1374 -59.9681  -17.903 -46.4092 -11.2431 -30.6209  -30.128 -25.2826
 -10.826 -14.2507 -20.1809 -9.23294 -39.9493 -15.3885 -16.1554 -13.2966 -23.5195 -17.5391 -16.0653 -19.3834 -12.2849  -17.903 -43.9925 -25.9004 -13.8756 -16.5658 -7.50675 -14.2136
 -18.593 -34.5541 -40.6381 -27.9189 -43.0342 -30.1725 -29.5803 -23.3145 -12.1014 -27.4813 -20.4975 -38.1892 -36.8845 -46.4092 -25.9004 -63.8131 -10.1379 -34.4567 -20.0951 -26.3162
-5.16866 -3.16371 -7.45725 -6.36814  -19.201 -11.6491 -5.26698 -5.38872 -13.2631 -11.3541 -6.01132 -9.33177 -12.2097 -11.2431 -13.8756 -10.1379 -28.6393 -2.69084 -6.61879  -11.736
-4.29145 -20.9035 -21.3791 -13.3762 -28.6818 -12.1962  -15.898 -17.7332 -8.84534 -15.3291 -12.1862 -27.6043 -20.9095 -30.6209 -16.5658 -34.4567 -2.69084 -40.2914 -17.1213 -23.9446
-6.08618 -22.3873 -9.85667 -21.7942 -20.3398 -18.3102 -15.3693 -15.9361 -15.2017 -6.05372 -10.6888 -32.5437 -13.3156  -30.128 -7.50675 -20.0951 -6.61879 -17.1213 -41.1612 -20.1783
-4.55032 -17.8776 -13.6334 -12.0096 -22.8643  -16.692  -17.254 -15.2637 -9.00181 -14.3175 -11.1878 -24.6473 -20.0331 -25.2826 -14.2136 -26.3162  -11.736 -23.9446 -20.1783 -29.6515
  2.83737  0.665966   2.61908  0.215767 -0.610539 -0.680646  0.192007  0.590694   1.71524   1.34096        -0        -0        -0        -0        -0        -0        -0        -0        -0        -0
 0.665966  0.596322   0.29549 -0.249981    1.3748  0.579152   2.42281  0.146262  0.751894  0.209293        -0        -0        -0        -0        -0        -0        -0        -0        -0        -0
   2.61908    0.29549    1.16349   0.937829 -0.0596334    2.41891  -0.740544    1.59327   0.666001    1.19812         -0         -0         -0         -0         -0         -0         -0         -0         -0         -0
 0.215767 -0.249981  0.937829  0.179793 -0.370022   1.48284   2.12984   1.53106   1.13415   1.60041        -0        -0        -0        -0        -0        -0        -0        -0        -0        -0
 -0.610539     1.3748 -0.0596334  -0.370022    1.51876  -0.527643  -0.397399   0.776241  -0.765262  -0.660871         -0         -0         -0         -0         -0         -0         -0         -0         -0         -0
-0.680646  0.579152   2.41891   1.48284 -0.527643   1.43412 -0.228814  0.112037   1.13836   1.80072        -0        -0        -0        -0        -0        -0        -0        -0        -0        -0
 0.192007   2.42281 -0.740544   2.12984 -0.397399 -0.228814   2.50964   1.12678 -0.431727    2.3716        -0        -0        -0        -0        -0        -0        -0        -0        -0        -0
 0.590694  0.146262   1.59327   1.53106  0.776241  0.112037   1.12678 -0.408172   1.83152   2.84876        -0        -0        -0        -0        -0        -0        -0        -0        -0        -0
  1.71524  0.751894  0.666001   1.13415 -0.765262   1.13836 -0.431727   1.83152 -0.982714 0.0473726        -0        -0        -0        -0        -0        -0        -0        -0        -0        -0
  1.34096  0.209293   1.19812   1.60041 -0.660871   1.80072    2.3716   2.84876 0.0473726 -0.871599        -0        -0        -0        -0        -0        -0        -0        -0        -0        -0
       -0        -0        -0        -0        -0        -0        -0        -0        -0        -0  -2.83737 -0.665966  -2.61908 -0.215767  0.610539  0.680646 -0.192007 -0.590694  -1.71524  -1.34096
       -0        -0        -0        -0        -0        -0        -0        -0        -0        -0 -0.665966 -0.596322  -0.29549  0.249981   -1.3748 -0.579152  -2.42281 -0.146262 -0.751894 -0.209293
       -0        -0        -0        -0        -0        -0        -0        -0        -0        -0  -2.61908  -0.29549  -1.16349 -0.937829 0.0596334  -2.41891  0.740544  -1.59327 -0.666001  -1.19812
       -0        -0        -0        -0        -0        -0        -0        -0        -0        -0 -0.215767  0.249981 -0.937829 -0.179793  0.370022  -1.48284  -2.12984  -1.53106  -1.13415  -1.60041
       -0        -0        -0        -0        -0        -0        -0        -0        -0        -0  0.610539   -1.3748 0.0596334  0.370022  -1.51876  0.527643  0.397399 -0.776241  0.765262  0.660871
       -0        -0        -0        -0        -0        -0        -0        -0        -0        -0  0.680646 -0.579152  -2.41891  -1.48284  0.527643  -1.43412  0.228814 -0.112037  -1.13836  -1.80072
       -0        -0        -0        -0        -0        -0        -0        -0        -0        -0 -0.192007  -2.42281  0.740544  -2.12984  0.397399  0.228814  -2.50964  -1.12678  0.431727   -2.3716
       -0        -0        -0        -0        -0        -0        -0        -0        -0        -0 -0.590694 -0.146262  -1.59327  -1.53106 -0.776241 -0.112037  -1.12678  0.408172  -1.83152  -2.84876
        -0         -0         -0         -0         -0         -0         -0         -0         -0         -0   -1.71524  -0.751894  -0.666001   -1.13415   0.765262   -1.13836   0.431727   -1.83152   0.982714 -0.0473726
        -0         -0         -0         -0         -0         -0         -0         -0         -0         -0   -1.34096  -0.209293   -1.19812   -1.60041   0.660871   -1.80072    -2.3716   -2.84876 -0.0473726   0.871599
-0.932764   2.38275   2.83571   1.46461 -0.693041   2.80805   1.92945  0.570883   2.18162   2.09211        -0        -0        -0        -0        -0        -0        -0        -0        -0        -0
   2.38275    1.35798  -0.635804  -0.331178  -0.632215    1.17913  -0.391482 -0.0168562  -0.680366  -0.642743         -0         -0         -0         -0         -0         -0         -0         -0         -0         -0
  2.83571 -0.635804 -0.586307 -0.480003 -0.209113 -0.156914   1.24498   1.49138 -0.832674   1.58483        -0        -0        -0        -0        -0        -0        -0        -0        -0        -0
  1.46461 -0.331178 -0.480003   2.73927   2.26394 -0.778252   2.44945   1.36177  -0.97529  0.337089        -0        -0        -0        -0        -0        -0        -0        -0        -0        -0
-0.693041 -0.632215 -0.209113   2.26394   0.41654 -0.787038 -0.652207  -0.75292 -0.458618    2.8067        -0        -0        -0        -0        -0        -0        -0        -0        -0        -0
  2.80805   1.17913 -0.156914 -0.778252 -0.787038    2.8077   0.57431   2.90792 -0.619712   1.93262        -0        -0        -0        -0        -0        -0        -0        -0        -0        -0
  1.92945 -0.391482   1.24498   2.44945 -0.652207   0.57431   0.13857   2.64478   2.83241    1.9114        -0        -0        -0        -0        -0        -0        -0        -0        -0        -0
  0.570883 -0.0168562    1.49138    1.36177   -0.75292    2.90792    2.64478    1.70273   0.515952 -0.0547274         -0         -0         -0         -0         -0         -0         -0         -0         -0         -0
  2.18162 -0.680366 -0.832674  -0.97529 -0.458618 -0.619712   2.83241  0.515952  0.427808    1.0706        -0        -0        -0        -0        -0        -0        -0        -0        -0        -0
   2.09211  -0.642743    1.58483   0.337089     2.8067    1.93262     1.9114 -0.0547274     1.0706    2.58758         -0         -0         -0         -0         -0         -0         -0         -0         -0         -0
       -0        -0        -0        -0        -0        -0        -0        -0        -0        -0  0.932764  -2.38275  -2.83571  -1.46461  0.693041  -2.80805  -1.92945 -0.570883  -2.18162  -2.09211
       -0        -0        -0        -0        -0        -0        -0        -0        -0        -0  -2.38275  -1.35798  0.635804  0.331178  0.632215  -1.17913  0.391482 0.0168562  0.680366  0.642743
      -0       -0       -0       -0       -0       -0       -0       -0       -0       -0 -2.83571 0.635804 0.586307 0.480003 0.209113 0.156914 -1.24498 -1.49138 0.832674 -1.58483
       -0        -0        -0        -0        -0        -0        -0        -0        -0        -0  -1.46461  0.331178  0.480003  -2.73927  -2.26394  0.778252  -2.44945  -1.36177   0.97529 -0.337089
      -0       -0       -0       -0       -0       -0       -0       -0       -0       -0 0.693041 0.632215 0.209113 -2.26394 -0.41654 0.787038 0.652207  0.75292 0.458618  -2.8067
      -0       -0       -0       -0       -0       -0       -0       -0       -0       -0 -2.80805 -1.17913 0.156914 0.778252 0.787038  -2.8077 -0.57431 -2.90792 0.619712 -1.93262
      -0       -0       -0       -0       -0       -0       -0       -0       -0       -0 -1.92945 0.391482 -1.24498 -2.44945 0.652207 -0.57431 -0.13857 -2.64478 -2.83241  -1.9114
       -0        -0        -0        -0        -0        -0        -0        -0        -0        -0 -0.570883 0.0168562  -1.49138  -1.36177   0.75292  -2.90792  -2.64478  -1.70273 -0.515952 0.0547274
       -0        -0        -0        -0        -0        -0        -0        -0        -0        -0  -2.18162  0.680366  0.832674   0.97529  0.458618  0.619712  -2.83241 -0.515952 -0.427808   -1.0706
       -0        -0        -0        -0        -0        -0        -0        -0        -0        -0  -2.09211  0.642743  -1.58483 -0.337089   -2.8067  -1.93262   -1.9114 0.0547274   -1.0706  -2.58758
  2.06887   2.63623 -0.464407   2.28491   1.79796 -0.348306   1.01501 -0.765077  0.203388   1.69939        -0        -0        -0        -0        -0        -0        -0        -0        -0        -0
  2.63623   1.70216   2.44884  0.789759   2.05263 -0.282105   2.51186   2.87304 -0.434538  0.398982        -0        -0        -0        -0        -0        -0        -0        -0        -0        -0
 -0.464407    2.44884   0.968911    2.76512    1.89615     2.7437 -0.0931347    1.01754   0.654287   0.215532         -0         -0         -0         -0         -0         -0         -0         -0         -0         -0
   2.28491   0.789759    2.76512    2.85564  0.0973548    1.62061   0.780131    2.13107 -0.0529114    2.60626         -0         -0         -0         -0         -0         -0         -0         -0         -0         -0
   1.79796    2.05263    1.89615  0.0973548    1.85619    2.83832     2.3675 -0.0296052    2.18607    2.17911         -0         -0         -0         -0         -0         -0         -0         -0         -0         -0
-0.348306 -0.282105    2.7437   1.62061   2.83832 -0.470372 -0.743118 -0.126271  0.492606 -0.416971        -0        -0        -0        -0        -0        -0        -0        -0        -0        -0
   1.01501    2.51186 -0.0931347   0.780131     2.3675  -0.743118     2.5485  -0.245909   0.476716    2.86314         -0         -0         -0         -0         -0         -0         -0         -0         -0         -0
 -0.765077    2.87304    1.01754    2.13107 -0.0296052  -0.126271  -0.245909 -0.0914733    2.58229    1.72761         -0         -0         -0         -0         -0         -0         -0         -0         -0         -0
  0.203388  -0.434538   0.654287 -0.0529114    2.18607   0.492606   0.476716    2.58229    2.38397  -0.376031         -0         -0         -0         -0         -0         -0         -0         -0         -0         -0
   1.69939   0.398982   0.215532    2.60626    2.17911  -0.416971    2.86314    1.72761  -0.376031 -0.0617797         -0         -0         -0         -0         -0         -0         -0         -0         -0         -0
       -0        -0        -0        -0        -0        -0        -0        -0        -0        -0  -2.06887  -2.63623  0.464407  -2.28491  -1.79796  0.348306  -1.01501  0.765077 -0.203388  -1.69939
       -0        -0        -0        -0        -0        -0        -0        -0        -0        -0  -2.63623  -1.70216  -2.44884 -0.789759  -2.05263  0.282105  -2.51186  -2.87304  0.434538 -0.398982
       -0        -0        -0        -0        -0        -0        -0        -0        -0        -0  0.464407  -2.44884 -0.968911  -2.76512  -1.89615   -2.7437 0.0931347  -1.01754 -0.654287 -0.215532
        -0         -0         -0         -0         -0         -0         -0         -0         -0         -0   -2.28491  -0.789759   -2.76512   -2.85564 -0.0973548   -1.62061  -0.780131   -2.13107  0.0529114   -2.60626
        -0         -0         -0         -0         -0         -0         -0         -0         -0         -0   -1.79796   -2.05263   -1.89615 -0.0973548   -1.85619   -2.83832    -2.3675  0.0296052   -2.18607   -2.17911
       -0        -0        -0        -0        -0        -0        -0        -0        -0        -0  0.348306  0.282105   -2.7437  -1.62061  -2.83832  0.470372  0.743118  0.126271 -0.492606  0.416971
       -0        -0        -0        -0        -0        -0        -0        -0        -0        -0  -1.01501  -2.51186 0.0931347 -0.780131   -2.3675  0.743118   -2.5485  0.245909 -0.476716  -2.86314
       -0        -0        -0        -0        -0        -0        -0        -0        -0        -0  0.765077  -2.87304  -1.01754  -2.13107 0.0296052  0.126271  0.245909 0.0914733  -2.58229  -1.72761
       -0        -0        -0        -0        -0        -0        -0        -0        -0        -0 -0.203388  0.434538 -0.654287 0.0529114  -2.18607 -0.492606 -0.476716  -2.58229  -2.38397  0.376031
       -0        -0        -0        -0        -0        -0        -0        -0        -0        -0  -1.69939 -0.398982 -0.215532  -2.60626  -2.17911  0.416971  -2.86314  -1.72761  0.376031 0.0617797
 0.692515  0.680445 -0.978955   1.93838   1.00092   1.09031 -0.206118   1.25309   2.16175   1.36081        -0        -0        -0        -0        -0        -0        -0        -0        -0        -0
 0.680445   2.89357   1.53076  0.209535  0.716929   2.29412 -0.249317  0.640439   1.16317  0.565921        -0        -0        -0        -0        -0        -0        -0        -0        -0        -0
-0.978955   1.53076  0.610294   2.30247 -0.884956  0.675133  0.216566  0.142193  0.891033   2.21202        -0        -0        -0        -0        -0        -0        -0        -0        -0        -0
  1.93838  0.209535   2.30247   2.74964   2.06393    2.7006  -0.90365   1.36813 -0.163116   2.57738        -0        -0        -0        -0        -0        -0        -0        -0        -0        -0
  1.00092  0.716929 -0.884956   2.06393 0.0516615   -0.4693  -0.49968 -0.295632   0.86377  0.662271        -0        -0        -0        -0        -0        -0        -0        -0        -0        -0
 1.09031  2.29412 0.675133   2.7006  -0.4693  2.81215  1.13615  1.19385  1.42173  2.71234       -0       -0       -0       -0       -0       -0       -0       -0       -0       -0
-0.206118 -0.249317  0.216566  -0.90365  -0.49968   1.13615   2.38878   2.32383 -0.350966  0.713531        -0        -0        -0        -0        -0        -0        -0        -0        -0        -0
  1.25309  0.640439  0.142193   1.36813 -0.295632   1.19385   2.32383 -0.982623   1.35378 0.0510515        -0        -0        -0        -0        -0        -0        -0        -0        -0        -0
  2.16175   1.16317  0.891033 -0.163116   0.86377   1.42173 -0.350966   1.35378 -0.227961  0.743955        -0        -0        -0        -0        -0        -0        -0        -0        -0        -0
  1.36081  0.565921   2.21202   2.57738  0.662271   2.71234  0.713531 0.0510515  0.743955  0.353052        -0        -0        -0        -0        -0        -0        -0        -0        -0        -0
       -0        -0        -0        -0        -0        -0        -0        -0        -0        -0 -0.692515 -0.680445  0.978955  -1.93838  -1.00092  -1.09031  0.206118  -1.25309  -2.16175  -1.36081
       -0        -0        -0        -0        -0        -0        -0        -0        -0        -0 -0.680445  -2.89357  -1.53076 -0.209535 -0.716929  -2.29412  0.249317 -0.640439  -1.16317 -0.565921
       -0        -0        -0        -0        -0        -0        -0        -0        -0        -0  0.978955  -1.53076 -0.610294  -2.30247  0.884956 -0.675133 -0.216566 -0.142193 -0.891033  -2.21202
       -0        -0        -0        -0        -0        -0        -0        -0        -0        -0  -1.93838 -0.209535  -2.30247  -2.74964  -2.06393   -2.7006   0.90365  -1.36813  0.163116  -2.57738
        -0         -0         -0         -0         -0         -0         -0         -0         -0         -0   -1.00092  -0.716929   0.884956   -2.06393 -0.0516615     0.4693    0.49968   0.295632   -0.86377  -0.662271
       -0        -0        -0        -0        -0        -0        -0        -0        -0        -0  -1.09031  -2.29412 -0.675133   -2.7006    0.4693  -2.81215  -1.13615  -1.19385  -1.42173  -2.71234
       -0        -0        -0        -0        -0        -0        -0        -0        -0        -0  0.206118  0.249317 -0.216566   0.90365   0.49968  -1.13615  -2.38878  -2.32383  0.350966 -0.713531
        -0         -0         -0         -0         -0         -0         -0         -0         -0         -0   -1.25309  -0.640439  -0.142193   -1.36813   0.295632   -1.19385   -2.32383   0.982623   -1.35378 -0.0510515
       -0        -0        -0        -0        -0        -0        -0        -0        -0        -0  -2.16175  -1.16317 -0.891033  0.163116  -0.86377  -1.42173  0.350966  -1.35378  0.227961 -0.743955
        -0         -0         -0         -0         -0         -0         -0         -0         -0         -0   -1.36081  -0.565921   -2.21202   -2.57738  -0.662271   -2.71234  -0.713531 -0.0510515  -0.743955  -0.353052
-0.523684 -0.714088   1.82425   2.27071   2.44236   2.97603   1.73275   2.59164 -0.405423   2.62434        -0        -0        -0        -0        -0        -0        -0        -0        -0        -0
-0.714088   1.87699 -0.373252   1.12627   2.82969   2.45531  0.688076    1.0321 -0.961425   2.96496        -0        -0        -0        -0        -0        -0        -0        -0        -0        -0
  1.82425 -0.373252   1.93664   2.48961 -0.445715 -0.704417    2.2878    2.4506 -0.499553  0.495312        -0        -0        -0        -0        -0        -0        -0        -0        -0        -0
 2.27071  1.12627  2.48961   1.2642 0.490746  1.91266  1.22236 -0.85408 -0.10984  1.91215       -0       -0       -0       -0       -0       -0       -0       -0       -0       -0
  2.44236   2.82969 -0.445715  0.490746   1.00663  0.491576   2.95228   2.52284   1.95124   1.18732        -0        -0        -0        -0        -0        -0        -0        -0        -0        -0
  2.97603   2.45531 -0.704417   1.91266  0.491576 -0.500291   2.03259  0.457235  0.992023   0.44759        -0        -0        -0        -0        -0        -0        -0        -0        -0        -0
  1.73275  0.688076    2.2878   1.22236   2.95228   2.03259 -0.922867 -0.585923  0.389869  0.944732        -0        -0        -0        -0        -0        -0        -0        -0        -0        -0
   2.59164     1.0321     2.4506   -0.85408    2.52284   0.457235  -0.585923 -0.0742576    1.46281    1.26445         -0         -0         -0         -0         -0         -0         -0         -0         -0         -0
-0.405423 -0.961425 -0.499553  -0.10984   1.95124  0.992023  0.389869   1.46281  0.232209   2.36193        -0        -0        -0        -0        -0        -0        -0        -0        -0        -0
  2.62434   2.96496  0.495312   1.91215   1.18732   0.44759  0.944732   1.26445   2.36193 -0.465535        -0        -0        -0        -0        -0        -0        -0        -0        -0        -0
      -0       -0       -0       -0       -0       -0       -0       -0       -0       -0 0.523684 0.714088 -1.82425 -2.27071 -2.44236 -2.97603 -1.73275 -2.59164 0.405423 -2.62434
       -0        -0        -0        -0        -0        -0        -0        -0        -0        -0  0.714088  -1.87699  0.373252  -1.12627  -2.82969  -2.45531 -0.688076   -1.0321  0.961425  -2.96496
       -0        -0        -0        -0        -0        -0        -0        -0        -0        -0  -1.82425  0.373252  -1.93664  -2.48961  0.445715  0.704417   -2.2878   -2.4506  0.499553 -0.495312
       -0        -0        -0        -0        -0        -0        -0        -0        -0        -0  -2.27071  -1.12627  -2.48961   -1.2642 -0.490746  -1.91266  -1.22236   0.85408   0.10984  -1.91215
       -0        -0        -0        -0        -0        -0        -0        -0        -0        -0  -2.44236  -2.82969  0.445715 -0.490746  -1.00663 -0.491576  -2.95228  -2.52284  -1.95124  -1.18732
       -0        -0        -0        -0        -0        -0        -0        -0        -0        -0  -2.97603  -2.45531  0.704417  -1.91266 -0.491576  0.500291  -2.03259 -0.457235 -0.992023  -0.44759
       -0        -0        -0        -0        -0        -0        -0        -0        -0        -0  -1.73275 -0.688076   -2.2878  -1.22236  -2.95228  -2.03259  0.922867  0.585923 -0.389869 -0.944732
       -0        -0        -0        -0        -0        -0        -0        -0        -0        -0  -2.59164   -1.0321   -2.4506   0.85408  -2.52284 -0.457235  0.585923 0.0742576  -1.46281  -1.26445
       -0        -0        -0        -0        -0        -0        -0        -0        -0        -0  0.405423  0.961425  0.499553   0.10984  -1.95124 -0.992023 -0.389869  -1.46281 -0.232209  -2.36193
       -0        -0        -0        -0        -0        -0        -0        -0        -0        -0  -2.62434  -2.96496 -0.495312  -1.91215  -1.18732  -0.44759 -0.944732  -1.26445  -2.36193  0.465535
 0.885361   -0.4413   0.69699  0.324052  0.570373   1.52082 -0.474469   1.37562   1.09039    2.0548        -0        -0        -0        -0        -0        -0        -0        -0        -0        -0
  -0.4413   2.60972   2.93271   1.58547   1.12713 -0.308483   2.50982 -0.303166  0.175884  -0.29562        -0        -0        -0        -0        -0        -0        -0        -0        -0        -0
  0.69699   2.93271  -0.75166   1.95538 -0.395111   1.55133   -0.5096   0.23134   2.77132   2.73349        -0        -0        -0        -0        -0        -0        -0        -0        -0        -0
 0.324052   1.58547   1.95538   2.89061 -0.535308   1.76916   2.48091    1.9805 -0.358277    2.5452        -0        -0        -0        -0        -0        -0        -0        -0        -0        -0
 0.570373   1.12713 -0.395111 -0.535308   2.18628   2.88382   2.40043  0.161526   2.94505 -0.814705        -0        -0        -0        -0        -0        -0        -0        -0        -0        -0
  1.52082 -0.308483   1.55133   1.76916   2.88382  0.396182 -0.588168 -0.582384   2.65514   2.13393        -0        -0        -0        -0        -0        -0        -0        -0        -0        -0
-0.474469   2.50982   -0.5096   2.48091   2.40043 -0.588168  0.535783 -0.914723    1.0379   2.95703        -0        -0        -0        -0        -0        -0        -0        -0        -0        -0
  1.37562 -0.303166   0.23134    1.9805  0.161526 -0.582384 -0.914723   2.47178  0.149868  0.721078        -0        -0        -0        -0        -0        -0        -0        -0        -0        -0
  1.09039  0.175884   2.77132 -0.358277   2.94505   2.65514    1.0379  0.149868  -0.82115 -0.485623        -0        -0        -0        -0        -0        -0        -0        -0        -0        -0
   2.0548  -0.29562   2.73349    2.5452 -0.814705   2.13393   2.95703  0.721078 -0.485623   2.08349        -0        -0        -0        -0        -0        -0        -0        -0        -0        -0
       -0        -0        -0        -0        -0        -0        -0        -0        -0        -0 -0.885361    0.4413  -0.69699 -0.324052 -0.570373  -1.52082  0.474469  -1.37562  -1.09039   -2.0548
       -0        -0        -0        -0        -0        -0        -0        -0        -0        -0    0.4413  -2.60972  -2.93271  -1.58547  -1.12713  0.308483  -2.50982  0.303166 -0.175884   0.29562
      -0       -0       -0       -0       -0       -0       -0       -0       -0       -0 -0.69699 -2.93271  0.75166 -1.95538 0.395111 -1.55133   0.5096 -0.23134 -2.77132 -2.73349
       -0        -0        -0        -0        -0        -0        -0        -0        -0        -0 -0.324052  -1.58547  -1.95538  -2.89061  0.535308  -1.76916  -2.48091   -1.9805  0.358277   -2.5452
       -0        -0        -0        -0        -0        -0        -0        -0        -0        -0 -0.570373  -1.12713  0.395111  0.535308  -2.18628  -2.88382  -2.40043 -0.161526  -2.94505  0.814705
       -0        -0        -0        -0        -0        -0        -0        -0        -0        -0  -1.52082  0.308483  -1.55133  -1.76916  -2.88382 -0.396182  0.588168  0.582384  -2.65514  -2.13393
       -0        -0        -0        -0        -0        -0        -0        -0        -0        -0  0.474469  -2.50982    0.5096  -2.48091  -2.40043  0.588168 -0.535783  0.914723   -1.0379  -2.95703
       -0        -0        -0        -0        -0        -0        -0        -0        -0        -0  -1.37562  0.303166  -0.23134   -1.9805 -0.161526  0.582384  0.914723  -2.47178 -0.149868 -0.721078
       -0        -0        -0        -0        -0        -0        -0        -0        -0        -0  -1.09039 -0.175884  -2.77132  0.358277  -2.94505  -2.65514   -1.0379 -0.149868   0.82115  0.485623
       -0        -0        -0        -0        -0        -0        -0        -0        -0        -0   -2.0548   0.29562  -2.73349   -2.5452  0.814705  -2.13393  -2.95703 -0.721078  0.485623  -2.08349
-0.174711 0.0355781   0.40732 0.0406215  0.737108   1.45078 -0.378183  0.905558  0.161122  0.206309        -0        -0        -0        -0        -0        -0        -0        -0        -0        -0
0.0355781   1.50402    1.4549 -0.923071 -0.459043   1.41715  0.145398   0.13365    2.5054  0.851643        -0        -0        -0        -0        -0        -0        -0        -0        -0        -0
  0.40732    1.4549  0.345268   2.67911  -0.31956 -0.852457 -0.344819  0.896866  0.839162 -0.293516        -0        -0        -0        -0        -0        -0        -0        -0        -0        -0
0.0406215 -0.923071   2.67911 -0.179055 -0.957702   2.79605 -0.699075     1.586  0.308665  0.861489        -0        -0        -0        -0        -0        -0        -0        -0        -0        -0
 0.737108 -0.459043  -0.31956 -0.957702  0.347856   2.55796  0.966343  0.175948   2.30145   1.15257        -0        -0        -0        -0        -0        -0        -0        -0        -0        -0
  1.45078   1.41715 -0.852457   2.79605   2.55796   1.14764   1.78874   2.24472  0.397125   1.67283        -0        -0        -0        -0        -0        -0        -0        -0        -0        -0
-0.378183  0.145398 -0.344819 -0.699075  0.966343   1.78874   0.85053   1.41218   2.45631 -0.349772        -0        -0        -0        -0        -0        -0        -0        -0        -0        -0
 0.905558   0.13365  0.896866     1.586  0.175948   2.24472   1.41218   2.46848 -0.371943 -0.996903        -0        -0        -0        -0        -0        -0        -0        -0        -0        -0
 0.161122    2.5054  0.839162  0.308665   2.30145  0.397125   2.45631 -0.371943  0.229826   1.40197        -0        -0        -0        -0        -0        -0        -0        -0        -0        -0
 0.206309  0.851643 -0.293516  0.861489   1.15257   1.67283 -0.349772 -0.996903   1.40197  -0.95323        -0        -0        -0        -0        -0        -0        -0        -0        -0        -0
        -0         -0         -0         -0         -0         -0         -0         -0         -0         -0   0.174711 -0.0355781   -0.40732 -0.0406215  -0.737108   -1.45078   0.378183  -0.905558  -0.161122  -0.206309
        -0         -0         -0         -0         -0         -0         -0         -0         -0         -0 -0.0355781   -1.50402    -1.4549   0.923071   0.459043   -1.41715  -0.145398   -0.13365    -2.5054  -0.851643
       -0        -0        -0        -0        -0        -0        -0        -0        -0        -0  -0.40732   -1.4549 -0.345268  -2.67911   0.31956  0.852457  0.344819 -0.896866 -0.839162  0.293516
        -0         -0         -0         -0         -0         -0         -0         -0         -0         -0 -0.0406215   0.923071   -2.67911   0.179055   0.957702   -2.79605   0.699075     -1.586  -0.308665  -0.861489
       -0        -0        -0        -0        -0        -0        -0        -0        -0        -0 -0.737108  0.459043   0.31956  0.957702 -0.347856  -2.55796 -0.966343 -0.175948  -2.30145  -1.15257
       -0        -0        -0        -0        -0        -0        -0        -0        -0        -0  -1.45078  -1.41715  0.852457  -2.79605  -2.55796  -1.14764  -1.78874  -2.24472 -0.397125  -1.67283
       -0        -0        -0        -0        -0        -0        -0        -0        -0        -0  0.378183 -0.145398  0.344819  0.699075 -0.966343  -1.78874  -0.85053  -1.41218  -2.45631  0.349772
       -0        -0        -0        -0        -0        -0        -0        -0        -0        -0 -0.905558  -0.13365 -0.896866    -1.586 -0.175948  -2.24472  -1.41218  -2.46848  0.371943  0.996903
       -0        -0        -0        -0        -0        -0        -0        -0        -0        -0 -0.161122   -2.5054 -0.839162 -0.308665  -2.30145 -0.397125  -2.45631  0.371943 -0.229826  -1.40197
       -0        -0        -0        -0        -0        -0        -0        -0        -0        -0 -0.206309 -0.851643  0.293516 -0.861489  -1.15257  -1.67283  0.349772  0.996903  -1.40197   0.95323
 0.359006 -0.272285   2.31204   1.75491   2.87182   1.05249   1.26332   1.34552 -0.426789   1.58323        -0        -0        -0        -0        -0        -0        -0        -0        -0        -0
-0.272285   1.98597 -0.803582   1.56014   1.32778   1.46014 -0.998043  -0.93828   2.69214 -0.634563        -0        -0        -0        -0        -0        -0        -0        -0        -0        -0
  2.31204 -0.803582   2.04547  0.400835   2.10252 -0.518994   1.05728   2.88635   1.45345 -0.157862        -0        -0        -0        -0        -0        -0        -0        -0        -0        -0
  1.75491   1.56014  0.400835   2.93533   1.93243 0.0979578   2.66416  0.448043 0.0542169 -0.359489        -0        -0        -0        -0        -0        -0        -0        -0        -0        -0
  2.87182   1.32778   2.10252   1.93243 -0.105347   1.47866   2.93728   1.99415 -0.209898 -0.970407        -0        -0        -0        -0        -0        -0        -0        -0        -0        -0
   1.05249    1.46014  -0.518994  0.0979578    1.47866    1.53891    2.87329  -0.218998 -0.0678916  -0.220579         -0         -0         -0         -0         -0         -0         -0         -0         -0         -0
  1.26332 -0.998043   1.05728   2.66416   2.93728   2.87329   2.95851   -0.1548   2.59313 -0.486196        -0        -0        -0        -0        -0        -0        -0        -0        -0        -0
  1.34552  -0.93828   2.88635  0.448043   1.99415 -0.218998   -0.1548 -0.711377    2.0861   2.98811        -0        -0        -0        -0        -0        -0        -0        -0        -0        -0
 -0.426789    2.69214    1.45345  0.0542169  -0.209898 -0.0678916    2.59313     2.0861    1.10212     2.0084         -0         -0         -0         -0         -0         -0         -0         -0         -0         -0
  1.58323 -0.634563 -0.157862 -0.359489 -0.970407 -0.220579 -0.486196   2.98811    2.0084 -0.296295        -0        -0        -0        -0        -0        -0        -0        -0        -0        -0
       -0        -0        -0        -0        -0        -0        -0        -0        -0        -0 -0.359006  0.272285  -2.31204  -1.75491  -2.87182  -1.05249  -1.26332  -1.34552  0.426789  -1.58323
      -0       -0       -0       -0       -0       -0       -0       -0       -0       -0 0.272285 -1.98597 0.803582 -1.56014 -1.32778 -1.46014 0.998043  0.93828 -2.69214 0.634563
       -0        -0        -0        -0        -0        -0        -0        -0        -0        -0  -2.31204  0.803582  -2.04547 -0.400835  -2.10252  0.518994  -1.05728  -2.88635  -1.45345  0.157862
        -0         -0         -0         -0         -0         -0         -0         -0         -0         -0   -1.75491   -1.56014  -0.400835   -2.93533   -1.93243 -0.0979578   -2.66416  -0.448043 -0.0542169   0.359489
      -0       -0       -0       -0       -0       -0       -0       -0       -0       -0 -2.87182 -1.32778 -2.10252 -1.93243 0.105347 -1.47866 -2.93728 -1.99415 0.209898 0.970407
        -0         -0         -0         -0         -0         -0         -0         -0         -0         -0   -1.05249   -1.46014   0.518994 -0.0979578   -1.47866   -1.53891   -2.87329   0.218998  0.0678916   0.220579
      -0       -0       -0       -0       -0       -0       -0       -0       -0       -0 -1.26332 0.998043 -1.05728 -2.66416 -2.93728 -2.87329 -2.95851   0.1548 -2.59313 0.486196
       -0        -0        -0        -0        -0        -0        -0        -0        -0        -0  -1.34552   0.93828  -2.88635 -0.448043  -1.99415  0.218998    0.1548  0.711377   -2.0861  -2.98811
        -0         -0         -0         -0         -0         -0         -0         -0         -0         -0   0.426789   -2.69214   -1.45345 -0.0542169   0.209898  0.0678916   -2.59313    -2.0861   -1.10212    -2.0084
      -0       -0       -0       -0       -0       -0       -0       -0       -0       -0 -1.58323 0.634563 0.157862 0.359489 0.970407 0.220579 0.486196 -2.98811  -2.0084 0.296295
 0.546679   2.64047   1.10893   2.86329   1.55871 -0.569472   2.53165   1.98991 -0.821218  0.582862        -0        -0        -0        -0        -0        -0        -0        -0        -0        -0
  2.64047 -0.378595   1.00527   2.05796   1.18243   1.11119  0.536432  0.771254   2.25289   1.28141        -0        -0        -0        -0        -0        -0        -0        -0        -0        -0
  1.10893   1.00527  0.493584 -0.907183 0.0578834   2.86778 -0.983465   2.24363 -0.105253  0.769695        -0        -0        -0        -0        -0        -0        -0        -0        -0        -0
  2.86329   2.05796 -0.907183 -0.371286   1.10454  0.924112   2.62446 -0.952207 -0.953439  0.599396        -0        -0        -0        -0        -0        -0        -0        -0        -0        -0
  1.55871   1.18243 0.0578834   1.10454  -0.72365 0.0622625   1.16515    2.8758     0.177  0.905875        -0        -0        -0        -0        -0        -0        -0        -0        -0        -0
-0.569472   1.11119   2.86778  0.924112 0.0622625   1.51356 -0.492475   2.51998  0.957009   2.93484        -0        -0        -0        -0        -0        -0        -0        -0        -0        -0
  2.53165  0.536432 -0.983465   2.62446   1.16515 -0.492475   1.51925    1.7813   1.56012   1.10692        -0        -0        -0        -0        -0        -0        -0        -0        -0        -0
  1.98991  0.771254   2.24363 -0.952207    2.8758   2.51998    1.7813   1.31627 -0.375711 -0.574876        -0        -0        -0        -0        -0        -0        -0        -0        -0        -0
-0.821218   2.25289 -0.105253 -0.953439     0.177  0.957009   1.56012 -0.375711   1.74976   1.48827        -0        -0        -0        -0        -0        -0        -0        -0        -0        -0
 0.582862   1.28141  0.769695  0.599396  0.905875   2.93484   1.10692 -0.574876   1.48827  0.319467        -0        -0        -0        -0        -0        -0        -0        -0        -0        -0
       -0        -0        -0        -0        -0        -0        -0        -0        -0        -0 -0.546679  -2.64047  -1.10893  -2.86329  -1.55871  0.569472  -2.53165  -1.98991  0.821218 -0.582862
       -0        -0        -0        -0        -0        -0        -0        -0        -0        -0  -2.64047  0.378595  -1.00527  -2.05796  -1.18243  -1.11119 -0.536432 -0.771254  -2.25289  -1.28141
        -0         -0         -0         -0         -0         -0         -0         -0         -0         -0   -1.10893   -1.00527  -0.493584   0.907183 -0.0578834   -2.86778   0.983465   -2.24363   0.105253  -0.769695
       -0        -0        -0        -0        -0        -0        -0        -0        -0        -0  -2.86329  -2.05796  0.907183  0.371286  -1.10454 -0.924112  -2.62446  0.952207  0.953439 -0.599396
        -0         -0         -0         -0         -0         -0         -0         -0         -0         -0   -1.55871   -1.18243 -0.0578834   -1.10454    0.72365 -0.0622625   -1.16515    -2.8758     -0.177  -0.905875
        -0         -0         -0         -0         -0         -0         -0         -0         -0         -0   0.569472   -1.11119   -2.86778  -0.924112 -0.0622625   -1.51356   0.492475   -2.51998  -0.957009   -2.93484
       -0        -0        -0        -0        -0        -0        -0        -0        -0        -0  -2.53165 -0.536432  0.983465  -2.62446  -1.16515  0.492475  -1.51925   -1.7813  -1.56012  -1.10692
       -0        -0        -0        -0        -0        -0        -0        -0        -0        -0  -1.98991 -0.771254  -2.24363  0.952207   -2.8758  -2.51998   -1.7813  -1.31627  0.375711  0.574876
       -0        -0        -0        -0        -0        -0        -0        -0        -0        -0  0.821218  -2.25289  0.105253  0.953439    -0.177 -0.957009  -1.56012  0.375711  -1.74976  -1.48827
       -0        -0        -0        -0        -0        -0        -0        -0        -0        -0 -0.582862  -1.28141 -0.769695 -0.599396 -0.905875  -2.93484  -1.10692  0.574876  -1.48827 -0.319467
 0.486326   2.09083 -0.698485   1.73512   1.84328  0.517085  0.986194   1.65932   1.23786   2.92004        -0        -0        -0        -0        -0        -0        -0        -0        -0        -0
  2.09083  0.461569  0.709337   1.79109   1.89658  0.414612   0.96597   2.60162   2.38348 -0.267526        -0        -0        -0        -0        -0        -0        -0        -0        -0        -0
-0.698485  0.709337   1.97376  0.972503   2.53672   1.50646  0.466326    1.1595  0.768587   2.75633        -0        -0        -0        -0        -0        -0        -0        -0        -0        -0
  1.73512   1.79109  0.972503  0.825842  0.168462 -0.509155    2.9587   1.19603 -0.255685  0.386367        -0        -0        -0        -0        -0        -0        -0        -0        -0        -0
  1.84328   1.89658   2.53672  0.168462   1.88215   2.48582   2.79181 -0.229916   2.87432 -0.308829        -0        -0        -0        -0        -0        -0        -0        -0        -0        -0
  0.517085   0.414612    1.50646  -0.509155    2.48582   0.815194 -0.0126324  0.0416545   0.254408    2.54814         -0         -0         -0         -0         -0         -0         -0         -0         -0         -0
  0.986194    0.96597   0.466326     2.9587    2.79181 -0.0126324    2.45717    2.24088    1.55951    1.37373         -0         -0         -0         -0         -0         -0         -0         -0         -0         -0
  1.65932   2.60162    1.1595   1.19603 -0.229916 0.0416545   2.24088  0.440732  0.244802 -0.851655        -0        -0        -0        -0        -0        -0        -0        -0        -0        -0
  1.23786   2.38348  0.768587 -0.255685   2.87432  0.254408   1.55951  0.244802   1.74628 -0.867688        -0        -0        -0        -0        -0        -0        -0        -0        -0        -0
  2.92004 -0.267526   2.75633  0.386367 -0.308829   2.54814   1.37373 -0.851655 -0.867688   2.13208        -0        -0        -0        -0        -0        -0        -0        -0        -0        -0
       -0        -0        -0        -0        -0        -0        -0        -0        -0        -0 -0.486326  -2.09083  0.698485  -1.73512  -1.84328 -0.517085 -0.986194  -1.65932  -1.23786  -2.92004
       -0        -0        -0        -0        -0        -0        -0        -0        -0        -0  -2.09083 -0.461569 -0.709337  -1.79109  -1.89658 -0.414612  -0.96597  -2.60162  -2.38348  0.267526
       -0        -0        -0        -0        -0        -0        -0        -0        -0        -0  0.698485 -0.709337  -1.97376 -0.972503  -2.53672  -1.50646 -0.466326   -1.1595 -0.768587  -2.75633
       -0        -0        -0        -0        -0        -0        -0        -0        -0        -0  -1.73512  -1.79109 -0.972503 -0.825842 -0.168462  0.509155   -2.9587  -1.19603  0.255685 -0.386367
       -0        -0        -0        -0        -0        -0        -0        -0        -0        -0  -1.84328  -1.89658  -2.53672 -0.168462  -1.88215  -2.48582  -2.79181  0.229916  -2.87432  0.308829
        -0         -0         -0         -0         -0         -0         -0         -0         -0         -0  -0.517085  -0.414612   -1.50646   0.509155   -2.48582  -0.815194  0.0126324 -0.0416545  -0.254408   -2.54814
       -0        -0        -0        -0        -0        -0        -0        -0        -0        -0 -0.986194  -0.96597 -0.466326   -2.9587  -2.79181 0.0126324  -2.45717  -2.24088  -1.55951  -1.37373
        -0         -0         -0         -0         -0         -0         -0         -0         -0         -0   -1.65932   -2.60162    -1.1595   -1.19603   0.229916 -0.0416545   -2.24088  -0.440732  -0.244802   0.851655
       -0        -0        -0        -0        -0        -0        -0        -0        -0        -0  -1.23786  -2.38348 -0.768587  0.255685  -2.87432 -0.254408  -1.55951 -0.244802  -1.74628  0.867688
       -0        -0        -0        -0        -0        -0        -0        -0        -0        -0  -2.92004  0.267526  -2.75633 -0.386367  0.308829  -2.54814  -1.37373  0.851655  0.867688  -2.13208
  2.41127 -0.417486 -0.723444   2.79364   2.99706 -0.387923 -0.825288   2.75599   2.18444   1.28796        -0        -0        -0        -0        -0        -0        -0        -0        -0        -0
 -0.417486    2.18237 -0.0985423    2.33505  -0.696321  -0.152534  -0.778132    2.15172     2.7243    1.93354         -0         -0         -0         -0         -0         -0         -0         -0         -0         -0
 -0.723444 -0.0985423    2.08426    1.50497    1.15802   0.478844     1.7306    1.19715   0.417101  0.0800455         -0         -0         -0         -0         -0         -0         -0         -0         -0         -0
  2.79364   2.33505   1.50497   1.52734   2.85936   2.69634   1.67968  0.914013  -0.33672 0.0185541        -0        -0        -0        -0        -0        -0        -0        -0        -0        -0
  2.99706 -0.696321   1.15802   2.85936   1.65478  -0.11965   1.74921   2.01108   2.42063  0.613216        -0        -0        -0        -0        -0        -0        -0        -0        -0        -0
-0.387923 -0.152534  0.478844   2.69634  -0.11965   2.76667   2.63642 -0.148071   1.29745   2.82926        -0        -0        -0        -0        -0        -0        -0        -0        -0        -0
-0.825288 -0.778132    1.7306   1.67968   1.74921   2.63642    1.1723   2.99873 -0.570051  -0.34503        -0        -0        -0        -0        -0        -0        -0        -0        -0        -0
  2.75599   2.15172   1.19715  0.914013   2.01108 -0.148071   2.99873   1.60705   1.89241   2.78552        -0        -0        -0        -0        -0        -0        -0        -0        -0        -0
  2.18444    2.7243  0.417101  -0.33672   2.42063   1.29745 -0.570051   1.89241   1.75883 -0.390401        -0        -0        -0        -0        -0        -0        -0        -0        -0        -0
  1.28796   1.93354 0.0800455 0.0185541  0.613216   2.82926  -0.34503   2.78552 -0.390401   2.80963        -0        -0        -0        -0        -0        -0        -0        -0        -0        -0
      -0       -0       -0       -0       -0       -0       -0       -0       -0       -0 -2.41127 0.417486 0.723444 -2.79364 -2.99706 0.387923 0.825288 -2.75599 -2.18444 -1.28796
       -0        -0        -0        -0        -0        -0        -0        -0        -0        -0  0.417486  -2.18237 0.0985423  -2.33505  0.696321  0.152534  0.778132  -2.15172   -2.7243  -1.93354
        -0         -0         -0         -0         -0         -0         -0         -0         -0         -0   0.723444  0.0985423   -2.08426   -1.50497   -1.15802  -0.478844    -1.7306   -1.19715  -0.417101 -0.0800455
        -0         -0         -0         -0         -0         -0         -0         -0         -0         -0   -2.79364   -2.33505   -1.50497   -1.52734   -2.85936   -2.69634   -1.67968  -0.914013    0.33672 -0.0185541
       -0        -0        -0        -0        -0        -0        -0        -0        -0        -0  -2.99706  0.696321  -1.15802  -2.85936  -1.65478   0.11965  -1.74921  -2.01108  -2.42063 -0.613216
       -0        -0        -0        -0        -0        -0        -0        -0        -0        -0  0.387923  0.152534 -0.478844  -2.69634   0.11965  -2.76667  -2.63642  0.148071  -1.29745  -2.82926
      -0       -0       -0       -0       -0       -0       -0       -0       -0       -0 0.825288 0.778132  -1.7306 -1.67968 -1.74921 -2.63642  -1.1723 -2.99873 0.570051  0.34503
       -0        -0        -0        -0        -0        -0        -0        -0        -0        -0  -2.75599  -2.15172  -1.19715 -0.914013  -2.01108  0.148071  -2.99873  -1.60705  -1.89241  -2.78552
       -0        -0        -0        -0        -0        -0        -0        -0        -0        -0  -2.18444   -2.7243 -0.417101   0.33672  -2.42063  -1.29745  0.570051  -1.89241  -1.75883  0.390401
        -0         -0         -0         -0         -0         -0         -0         -0         -0         -0   -1.28796   -1.93354 -0.0800455 -0.0185541  -0.613216   -2.82926    0.34503   -2.78552   0.390401   -2.80963
 0.67899  1.84796 0.715324 0.648737   2.7771  2.15463  1.57981  2.39671   2.0596  2.09951       -0       -0       -0       -0       -0       -0       -0       -0       -0       -0
  1.84796   2.76392 -0.834419   2.33261   2.00571  0.925594  0.042084  0.186489   2.48118   1.45799        -0        -0        -0        -0        -0        -0        -0        -0        -0        -0
 0.715324 -0.834419  -0.74512   2.59981   1.92593 -0.629894   1.26383   2.22249   2.81162  0.419379        -0        -0        -0        -0        -0        -0        -0        -0        -0        -0
 0.648737   2.33261   2.59981 -0.389908   2.34168   2.40951   1.17963   1.32263   2.42971  0.363336        -0        -0        -0        -0        -0        -0        -0        -0        -0        -0
   2.7771   2.00571   1.92593   2.34168   2.27077 -0.279037  0.652176 -0.471827   1.89068 -0.362386        -0        -0        -0        -0        -0        -0        -0        -0        -0        -0
  2.15463  0.925594 -0.629894   2.40951 -0.279037  0.554242  0.472573   1.49326 -0.467415   2.07155        -0        -0        -0        -0        -0        -0        -0        -0        -0        -0
   1.57981   0.042084    1.26383    1.17963   0.652176   0.472573  -0.940958   0.675759 -0.0160523    1.83591         -0         -0         -0         -0         -0         -0         -0         -0         -0         -0
  2.39671  0.186489   2.22249   1.32263 -0.471827   1.49326  0.675759   1.85507 -0.831712 -0.303344        -0        -0        -0        -0        -0        -0        -0        -0        -0        -0
    2.0596    2.48118    2.81162    2.42971    1.89068  -0.467415 -0.0160523  -0.831712    2.87817    2.30626         -0         -0         -0         -0         -0         -0         -0         -0         -0         -0
  2.09951   1.45799  0.419379  0.363336 -0.362386   2.07155   1.83591 -0.303344   2.30626 -0.754702        -0        -0        -0        -0        -0        -0        -0        -0        -0        -0
       -0        -0        -0        -0        -0        -0        -0        -0        -0        -0  -0.67899  -1.84796 -0.715324 -0.648737   -2.7771  -2.15463  -1.57981  -2.39671   -2.0596  -2.09951
       -0        -0        -0        -0        -0        -0        -0        -0        -0        -0  -1.84796  -2.76392  0.834419  -2.33261  -2.00571 -0.925594 -0.042084 -0.186489  -2.48118  -1.45799
       -0        -0        -0        -0        -0        -0        -0        -0        -0        -0 -0.715324  0.834419   0.74512  -2.59981  -1.92593  0.629894  -1.26383  -2.22249  -2.81162 -0.419379
       -0        -0        -0        -0        -0        -0        -0        -0        -0        -0 -0.648737  -2.33261  -2.59981  0.389908  -2.34168  -2.40951  -1.17963  -1.32263  -2.42971 -0.363336
       -0        -0        -0        -0        -0        -0        -0        -0        -0        -0   -2.7771  -2.00571  -1.92593  -2.34168  -2.27077  0.279037 -0.652176  0.471827  -1.89068  0.362386
       -0        -0        -0        -0        -0        -0        -0        -0        -0        -0  -2.15463 -0.925594  0.629894  -2.40951  0.279037 -0.554242 -0.472573  -1.49326  0.467415  -2.07155
       -0        -0        -0        -0        -0        -0        -0        -0        -0        -0  -1.57981 -0.042084  -1.26383  -1.17963 -0.652176 -0.472573  0.940958 -0.675759 0.0160523  -1.83591
       -0        -0        -0        -0        -0        -0        -0        -0        -0        -0  -2.39671 -0.186489  -2.22249  -1.32263  0.471827  -1.49326 -0.675759  -1.85507  0.831712  0.303344
       -0        -0        -0        -0        -0        -0        -0        -0        -0        -0   -2.0596  -2.48118  -2.81162  -2.42971  -1.89068  0.467415 0.0160523  0.831712  -2.87817  -2.30626
       -0        -0        -0        -0        -0        -0        -0        -0        -0        -0  -2.09951  -1.45799 -0.419379 -0.363336  0.362386  -2.07155  -1.83591  0.303344  -2.30626  0.754702
-0.0865585  -0.412613  -0.334417  0.0399411    2.23633   0.620453  0.0838194  0.0355967   0.250236   -0.79872         -0         -0         -0         -0         -0         -0         -0         -0         -0         -0
-0.412613   2.87463 -0.404602  0.515466   2.48008  0.379569 -0.114543 -0.920608  0.123896  0.845605        -0        -0        -0        -0        -0        -0        -0        -0        -0        -0
-0.334417 -0.404602   2.26775   2.16574  0.121357 0.0921385   1.91107   1.81367 -0.323793   1.12422        -0        -0        -0        -0        -0        -0        -0        -0        -0        -0
0.0399411  0.515466   2.16574   1.47173  0.673251 -0.111793 -0.750444   1.15695   1.34238   2.11235        -0        -0        -0        -0        -0        -0        -0        -0        -0        -0
 2.23633  2.48008 0.121357 0.673251  2.87909  2.46453  2.35719 0.752643   1.0121  1.09516       -0       -0       -0       -0       -0       -0       -0       -0       -0       -0
 0.620453  0.379569 0.0921385 -0.111793   2.46453   2.05087 -0.437535   1.69276 -0.859262  0.481406        -0        -0        -0        -0        -0        -0        -0        -0        -0        -0
0.0838194 -0.114543   1.91107 -0.750444   2.35719 -0.437535 -0.559107   1.58265  0.393247   2.67481        -0        -0        -0        -0        -0        -0        -0        -0        -0        -0
0.0355967 -0.920608   1.81367   1.15695  0.752643   1.69276   1.58265 -0.246504   1.80568   1.53605        -0        -0        -0        -0        -0        -0        -0        -0        -0        -0
 0.250236  0.123896 -0.323793   1.34238    1.0121 -0.859262  0.393247   1.80568 -0.238214  0.270279        -0        -0        -0        -0        -0        -0        -0        -0        -0        -0
 -0.79872  0.845605   1.12422   2.11235   1.09516  0.481406   2.67481   1.53605  0.270279 -0.482132        -0        -0        -0        -0        -0        -0        -0        -0        -0        -0
        -0         -0         -0         -0         -0         -0         -0         -0         -0         -0  0.0865585   0.412613   0.334417 -0.0399411   -2.23633  -0.620453 -0.0838194 -0.0355967  -0.250236    0.79872
       -0        -0        -0        -0        -0        -0        -0        -0        -0        -0  0.412613  -2.87463  0.404602 -0.515466  -2.48008 -0.379569  0.114543  0.920608 -0.123896 -0.845605
        -0         -0         -0         -0         -0         -0         -0         -0         -0         -0   0.334417   0.404602   -2.26775   -2.16574  -0.121357 -0.0921385   -1.91107   -1.81367   0.323793   -1.12422
        -0         -0         -0         -0         -0         -0         -0         -0         -0         -0 -0.0399411  -0.515466   -2.16574   -1.47173  -0.673251   0.111793   0.750444   -1.15695   -1.34238   -2.11235
       -0        -0        -0        -0        -0        -0        -0        -0        -0        -0  -2.23633  -2.48008 -0.121357 -0.673251  -2.87909  -2.46453  -2.35719 -0.752643   -1.0121  -1.09516
        -0         -0         -0         -0         -0         -0         -0         -0         -0         -0  -0.620453  -0.379569 -0.0921385   0.111793   -2.46453   -2.05087   0.437535   -1.69276   0.859262  -0.481406
        -0         -0         -0         -0         -0         -0         -0         -0         -0         -0 -0.0838194   0.114543   -1.91107   0.750444   -2.35719   0.437535   0.559107   -1.58265  -0.393247   -2.67481
        -0         -0         -0         -0         -0         -0         -0         -0         -0         -0 -0.0355967   0.920608   -1.81367   -1.15695  -0.752643   -1.69276   -1.58265   0.246504   -1.80568   -1.53605
       -0        -0        -0        -0        -0        -0        -0        -0        -0        -0 -0.250236 -0.123896  0.323793  -1.34238   -1.0121  0.859262 -0.393247  -1.80568  0.238214 -0.270279
       -0        -0        -0        -0        -0        -0        -0        -0        -0        -0   0.79872 -0.845605  -1.12422  -2.11235  -1.09516 -0.481406  -2.67481  -1.53605 -0.270279  0.482132
 0.869641   1.34212  0.328022 -0.672503    2.2062 -0.541515  0.434804  0.918216   2.71613 -0.533982        -0        -0        -0        -0        -0        -0        -0        -0        -0        -0
  1.34212 -0.646364 0.0224727 -0.732686   1.36024   1.84499   2.34074  0.235067   2.67028  0.402479        -0        -0        -0        -0        -0        -0        -0        -0        -0        -0
 0.328022 0.0224727  0.766457 -0.490196    1.7317   2.06879 -0.248453  0.295597   1.43957 -0.657491        -0        -0        -0        -0        -0        -0        -0        -0        -0        -0
 -0.672503  -0.732686  -0.490196 -0.0752426    2.20961    1.22494   0.944608  -0.350088    1.78492   0.217565         -0         -0         -0         -0         -0         -0         -0         -0         -0         -0
   2.2062   1.36024    1.7317   2.20961  0.378566   1.29723 -0.734505 -0.555319  0.895223   2.34709        -0        -0        -0        -0        -0        -0        -0        -0        -0        -0
-0.541515   1.84499   2.06879   1.22494   1.29723   2.20361  0.702171   1.67416 -0.263202 -0.391996        -0        -0        -0        -0        -0        -0        -0        -0        -0        -0
 0.434804   2.34074 -0.248453  0.944608 -0.734505  0.702171   1.91724   1.07762  0.988531   1.91974        -0        -0        -0        -0        -0        -0        -0        -0        -0        -0
 0.918216  0.235067  0.295597 -0.350088 -0.555319   1.67416   1.07762  0.669808   2.98178   1.26433        -0        -0        -0        -0        -0        -0        -0        -0        -0        -0
  2.71613   2.67028   1.43957   1.78492  0.895223 -0.263202  0.988531   2.98178   2.96767  -0.85184        -0        -0        -0        -0        -0        -0        -0        -0        -0        -0
 -0.533982   0.402479  -0.657491   0.217565    2.34709  -0.391996    1.91974    1.26433   -0.85184 -0.0514015         -0         -0         -0         -0         -0         -0         -0         -0         -0         -0
       -0        -0        -0        -0        -0        -0        -0        -0        -0        -0 -0.869641  -1.34212 -0.328022  0.672503   -2.2062  0.541515 -0.434804 -0.918216  -2.71613  0.533982
        -0         -0         -0         -0         -0         -0         -0         -0         -0         -0   -1.34212   0.646364 -0.0224727   0.732686   -1.36024   -1.84499   -2.34074  -0.235067   -2.67028  -0.402479
        -0         -0         -0         -0         -0         -0         -0         -0         -0         -0  -0.328022 -0.0224727  -0.766457   0.490196    -1.7317   -2.06879   0.248453  -0.295597   -1.43957   0.657491
       -0        -0        -0        -0        -0        -0        -0        -0        -0        -0  0.672503  0.732686  0.490196 0.0752426  -2.20961  -1.22494 -0.944608  0.350088  -1.78492 -0.217565
       -0        -0        -0        -0        -0        -0        -0        -0        -0        -0   -2.2062  -1.36024   -1.7317  -2.20961 -0.378566  -1.29723  0.734505  0.555319 -0.895223  -2.34709
       -0        -0        -0        -0        -0        -0        -0        -0        -0        -0  0.541515  -1.84499  -2.06879  -1.22494  -1.29723  -2.20361 -0.702171  -1.67416  0.263202  0.391996
       -0        -0        -0        -0        -0        -0        -0        -0        -0        -0 -0.434804  -2.34074  0.248453 -0.944608  0.734505 -0.702171  -1.91724  -1.07762 -0.988531  -1.91974
       -0        -0        -0        -0        -0        -0        -0        -0        -0        -0 -0.918216 -0.235067 -0.295597  0.350088  0.555319  -1.67416  -1.07762 -0.669808  -2.98178  -1.26433
       -0        -0        -0        -0        -0        -0        -0        -0        -0        -0  -2.71613  -2.67028  -1.43957  -1.78492 -0.895223  0.263202 -0.988531  -2.98178  -2.96767   0.85184
       -0        -0        -0        -0        -0        -0        -0        -0        -0        -0  0.533982 -0.402479  0.657491 -0.217565  -2.34709  0.391996  -1.91974  -1.26433   0.85184 0.0514015
 0.199689 -0.611511  0.789506   2.48045    2.7921   1.77869   0.74156   1.28505 0.0855887    2.6428        -0        -0        -0        -0        -0        -0        -0        -0        -0        -0
-0.611511 -0.985717   1.39455   2.74612 -0.146761  0.981345   2.73786    2.7327  0.391083  0.175543        -0        -0        -0        -0        -0        -0        -0        -0        -0        -0
  0.789506    1.39455 -0.0649891 -0.0454445    -0.3951    1.11345    1.28834    2.68495  -0.532758 -0.0801246         -0         -0         -0         -0         -0         -0         -0         -0         -0         -0
   2.48045    2.74612 -0.0454445   0.664114    2.84362     2.7137    1.69612    1.88995    2.19904    0.93114         -0         -0         -0         -0         -0         -0         -0         -0         -0         -0
   2.7921 -0.146761   -0.3951   2.84362    2.6813 -0.886639  0.401975   2.57632  0.104779   2.87166        -0        -0        -0        -0        -0        -0        -0        -0        -0        -0
  1.77869  0.981345   1.11345    2.7137 -0.886639  0.725563 -0.470253   2.36624 -0.419397   1.32185        -0        -0        -0        -0        -0        -0        -0        -0        -0        -0
   0.74156    2.73786    1.28834    1.69612   0.401975  -0.470253    1.36696    1.29406 -0.0753987    1.46089         -0         -0         -0         -0         -0         -0         -0         -0         -0         -0
 1.28505   2.7327  2.68495  1.88995  2.57632  2.36624  1.29406 0.366688 0.100574  1.23862       -0       -0       -0       -0       -0       -0       -0       -0       -0       -0
 0.0855887   0.391083  -0.532758    2.19904   0.104779  -0.419397 -0.0753987   0.100574    2.43398  -0.983713         -0         -0         -0         -0         -0         -0         -0         -0         -0         -0
    2.6428   0.175543 -0.0801246    0.93114    2.87166    1.32185    1.46089    1.23862  -0.983713    1.40149         -0         -0         -0         -0         -0         -0         -0         -0         -0         -0
        -0         -0         -0         -0         -0         -0         -0         -0         -0         -0  -0.199689   0.611511  -0.789506   -2.48045    -2.7921   -1.77869   -0.74156   -1.28505 -0.0855887    -2.6428
       -0        -0        -0        -0        -0        -0        -0        -0        -0        -0  0.611511  0.985717  -1.39455  -2.74612  0.146761 -0.981345  -2.73786   -2.7327 -0.391083 -0.175543
       -0        -0        -0        -0        -0        -0        -0        -0        -0        -0 -0.789506  -1.39455 0.0649891 0.0454445    0.3951  -1.11345  -1.28834  -2.68495  0.532758 0.0801246
       -0        -0        -0        -0        -0        -0        -0        -0        -0        -0  -2.48045  -2.74612 0.0454445 -0.664114  -2.84362   -2.7137  -1.69612  -1.88995  -2.19904  -0.93114
       -0        -0        -0        -0        -0        -0        -0        -0        -0        -0   -2.7921  0.146761    0.3951  -2.84362   -2.6813  0.886639 -0.401975  -2.57632 -0.104779  -2.87166
       -0        -0        -0        -0        -0        -0        -0        -0        -0        -0  -1.77869 -0.981345  -1.11345   -2.7137  0.886639 -0.725563  0.470253  -2.36624  0.419397  -1.32185
       -0        -0        -0        -0        -0        -0        -0        -0        -0        -0  -0.74156  -2.73786  -1.28834  -1.69612 -0.401975  0.470253  -1.36696  -1.29406 0.0753987  -1.46089
       -0        -0        -0        -0        -0        -0        -0        -0        -0        -0  -1.28505   -2.7327  -2.68495  -1.88995  -2.57632  -2.36624  -1.29406 -0.366688 -0.100574  -1.23862
        -0         -0         -0         -0         -0         -0         -0         -0         -0         -0 -0.0855887  -0.391083   0.532758   -2.19904  -0.104779   0.419397  0.0753987  -0.100574   -2.43398   0.983713
       -0        -0        -0        -0        -0        -0        -0        -0        -0        -0   -2.6428 -0.175543 0.0801246  -0.93114  -2.87166  -1.32185  -1.46089  -1.23862  0.983713  -1.40149
0.0703259  0.971249  0.468434 -0.233339   1.41993  0.586343 -0.207095   1.31505   2.35847   1.63802        -0        -0        -0        -0        -0        -0        -0        -0        -0        -0
  0.971249   -0.83722   0.973148    1.80922   0.675682 -0.0320102    2.11432    1.93379    1.25367    1.06272         -0         -0         -0         -0         -0         -0         -0         -0         -0         -0
 0.468434  0.973148   2.62862   2.02779   2.85132 -0.921801  0.263361  0.419891  0.847055 -0.118861        -0        -0        -0        -0        -0        -0        -0        -0        -0        -0
-0.233339   1.80922   2.02779   1.90084   1.54492  0.214963   2.82069   1.16637   2.43667   2.90138        -0        -0        -0        -0        -0        -0        -0        -0        -0        -0
  1.41993  0.675682   2.85132   1.54492 -0.885827    2.3563   1.01517  0.478718   2.46864  0.883411        -0        -0        -0        -0        -0        -0        -0        -0        -0        -0
  0.586343 -0.0320102  -0.921801   0.214963     2.3563    2.98249  -0.172144   0.534064   0.203354    1.89631         -0         -0         -0         -0         -0         -0         -0         -0         -0         -0
-0.207095   2.11432  0.263361   2.82069   1.01517 -0.172144 -0.960225  0.379509   2.41916 -0.270764        -0        -0        -0        -0        -0        -0        -0        -0        -0        -0
  1.31505   1.93379  0.419891   1.16637  0.478718  0.534064  0.379509  0.253418 -0.816121  0.923186        -0        -0        -0        -0        -0        -0        -0        -0        -0        -0
  2.35847   1.25367  0.847055   2.43667   2.46864  0.203354   2.41916 -0.816121  0.269813  0.522822        -0        -0        -0        -0        -0        -0        -0        -0        -0        -0
  1.63802   1.06272 -0.118861   2.90138  0.883411   1.89631 -0.270764  0.923186  0.522822  0.243104        -0        -0        -0        -0        -0        -0        -0        -0        -0        -0
        -0         -0         -0         -0         -0         -0         -0         -0         -0         -0 -0.0703259  -0.971249  -0.468434   0.233339   -1.41993  -0.586343   0.207095   -1.31505   -2.35847   -1.63802
       -0        -0        -0        -0        -0        -0        -0        -0        -0        -0 -0.971249   0.83722 -0.973148  -1.80922 -0.675682 0.0320102  -2.11432  -1.93379  -1.25367  -1.06272
       -0        -0        -0        -0        -0        -0        -0        -0        -0        -0 -0.468434 -0.973148  -2.62862  -2.02779  -2.85132  0.921801 -0.263361 -0.419891 -0.847055  0.118861
       -0        -0        -0        -0        -0        -0        -0        -0        -0        -0  0.233339  -1.80922  -2.02779  -1.90084  -1.54492 -0.214963  -2.82069  -1.16637  -2.43667  -2.90138
       -0        -0        -0        -0        -0        -0        -0        -0        -0        -0  -1.41993 -0.675682  -2.85132  -1.54492  0.885827   -2.3563  -1.01517 -0.478718  -2.46864 -0.883411
       -0        -0        -0        -0        -0        -0        -0        -0        -0        -0 -0.586343 0.0320102  0.921801 -0.214963   -2.3563  -2.98249  0.172144 -0.534064 -0.203354  -1.89631
       -0        -0        -0        -0        -0        -0        -0        -0        -0        -0  0.207095  -2.11432 -0.263361  -2.82069  -1.01517  0.172144  0.960225 -0.379509  -2.41916  0.270764
       -0        -0        -0        -0        -0        -0        -0        -0        -0        -0  -1.31505  -1.93379 -0.419891  -1.16637 -0.478718 -0.534064 -0.379509 -0.253418  0.816121 -0.923186
       -0        -0        -0        -0        -0        -0        -0        -0        -0        -0  -2.35847  -1.25367 -0.847055  -2.43667  -2.46864 -0.203354  -2.41916  0.816121 -0.269813 -0.522822
       -0        -0        -0        -0        -0        -0        -0        -0        -0        -0  -1.63802  -1.06272  0.118861  -2.90138 -0.883411  -1.89631  0.270764 -0.923186 -0.522822 -0.243104
 0.667394 -0.737177   1.89014   2.70661  0.117068   2.68527   2.06259   1.47332 -0.220068  0.299124        -0        -0        -0        -0        -0        -0        -0        -0        -0        -0
-0.737177    1.2675  0.832887 -0.880245  0.679115 -0.566696 -0.397462  0.584821   1.79531  0.724634        -0        -0        -0        -0        -0        -0        -0        -0        -0        -0
  1.89014  0.832887   1.64576 -0.971713   1.71566 -0.301834  0.432324 -0.781179   2.58528  0.409001        -0        -0        -0        -0        -0        -0        -0        -0        -0        -0
  2.70661 -0.880245 -0.971713    2.8835 -0.340579   1.33103   2.09088  0.188979  0.478098   1.73145        -0        -0        -0        -0        -0        -0        -0        -0        -0        -0
 0.117068  0.679115   1.71566 -0.340579   2.78899 -0.795412 -0.513958   1.24424  0.126345 -0.184488        -0        -0        -0        -0        -0        -0        -0        -0        -0        -0
  2.68527 -0.566696 -0.301834   1.33103 -0.795412   1.43243 -0.360636 -0.992186   2.78986  0.895043        -0        -0        -0        -0        -0        -0        -0        -0        -0        -0
  2.06259 -0.397462  0.432324   2.09088 -0.513958 -0.360636  0.123413  0.608812   2.91053   2.37081        -0        -0        -0        -0        -0        -0        -0        -0        -0        -0
  1.47332  0.584821 -0.781179  0.188979   1.24424 -0.992186  0.608812  0.914653   2.98655  0.938925        -0        -0        -0        -0        -0        -0        -0        -0        -0        -0
-0.220068   1.79531   2.58528  0.478098  0.126345   2.78986   2.91053   2.98655   1.66204   2.92021        -0        -0        -0        -0        -0        -0        -0        -0        -0        -0
 0.299124  0.724634  0.409001   1.73145 -0.184488  0.895043   2.37081  0.938925   2.92021   2.83856        -0        -0        -0        -0        -0        -0        -0        -0        -0        -0
       -0        -0        -0        -0        -0        -0        -0        -0        -0        -0 -0.667394  0.737177  -1.89014  -2.70661 -0.117068  -2.68527  -2.06259  -1.47332  0.220068 -0.299124
       -0        -0        -0        -0        -0        -0        -0        -0        -0        -0  0.737177   -1.2675 -0.832887  0.880245 -0.679115  0.566696  0.397462 -0.584821  -1.79531 -0.724634
       -0        -0        -0        -0        -0        -0        -0        -0        -0        -0  -1.89014 -0.832887  -1.64576  0.971713  -1.71566  0.301834 -0.432324  0.781179  -2.58528 -0.409001
       -0        -0        -0        -0        -0        -0        -0        -0        -0        -0  -2.70661  0.880245  0.971713   -2.8835  0.340579  -1.33103  -2.09088 -0.188979 -0.478098  -1.73145
       -0        -0        -0        -0        -0        -0        -0        -0        -0        -0 -0.117068 -0.679115  -1.71566  0.340579  -2.78899  0.795412  0.513958  -1.24424 -0.126345  0.184488
       -0        -0        -0        -0        -0        -0        -0        -0        -0        -0  -2.68527  0.566696  0.301834  -1.33103  0.795412  -1.43243  0.360636  0.992186  -2.78986 -0.895043
       -0        -0        -0        -0        -0        -0        -0        -0        -0        -0  -2.06259  0.397462 -0.432324  -2.09088  0.513958  0.360636 -0.123413 -0.608812  -2.91053  -2.37081
       -0        -0        -0        -0        -0        -0        -0        -0        -0        -0  -1.47332 -0.584821  0.781179 -0.188979  -1.24424  0.992186 -0.608812 -0.914653  -2.98655 -0.938925
       -0        -0        -0        -0        -0        -0        -0        -0        -0        -0  0.220068  -1.79531  -2.58528 -0.478098 -0.126345  -2.78986  -2.91053  -2.98655  -1.66204  -2.92021
       -0        -0        -0        -0        -0        -0        -0        -0        -0        -0 -0.299124 -0.724634 -0.409001  -1.73145  0.184488 -0.895043  -2.37081 -0.938925  -2.92021  -2.83856
-0.521369 -0.656712 -0.442696   1.96347   -0.4438  0.319649  0.756634   2.57048    1.5737 -0.615013        -0        -0        -0        -0        -0        -0        -0        -0        -0        -0
  -0.656712     1.36221   0.0226407     2.33817     2.29218   -0.852571    0.492393     0.87581     2.40994 -0.00825329          -0          -0          -0          -0          -0          -0          -0          -0          -0          -0
-0.442696 0.0226407 -0.894894   1.17508   2.99897   2.64994  -0.45691   2.93037    2.1463  0.648986        -0        -0        -0        -0        -0        -0        -0        -0        -0        -0
   1.96347    2.33817    1.17508  -0.613148    2.16682   0.424755    2.93171    2.56946    1.22364 -0.0719231         -0         -0         -0         -0         -0         -0         -0         -0         -0         -0
  -0.4438   2.29218   2.99897   2.16682   2.22075   1.11373  0.879244 0.0426266 -0.165302 -0.076542        -0        -0        -0        -0        -0        -0        -0        -0        -0        -0
 0.319649 -0.852571   2.64994  0.424755   1.11373   2.40403 -0.421283   2.15112  0.260031   2.52823        -0        -0        -0        -0        -0        -0        -0        -0        -0        -0
 0.756634  0.492393  -0.45691   2.93171  0.879244 -0.421283  0.689292   2.40874  0.627667  0.506794        -0        -0        -0        -0        -0        -0        -0        -0        -0        -0
  2.57048   0.87581   2.93037   2.56946 0.0426266   2.15112   2.40874   2.94641   2.18007   1.61275        -0        -0        -0        -0        -0        -0        -0        -0        -0        -0
   1.5737   2.40994    2.1463   1.22364 -0.165302  0.260031  0.627667   2.18007   2.23511  0.461955        -0        -0        -0        -0        -0        -0        -0        -0        -0        -0
  -0.615013 -0.00825329    0.648986  -0.0719231   -0.076542     2.52823    0.506794     1.61275    0.461955      1.8264          -0          -0          -0          -0          -0          -0          -0          -0          -0          -0
       -0        -0        -0        -0        -0        -0        -0        -0        -0        -0  0.521369  0.656712  0.442696  -1.96347    0.4438 -0.319649 -0.756634  -2.57048   -1.5737  0.615013
        -0         -0         -0         -0         -0         -0         -0         -0         -0         -0   0.656712   -1.36221 -0.0226407   -2.33817   -2.29218   0.852571  -0.492393   -0.87581   -2.40994 0.00825329
        -0         -0         -0         -0         -0         -0         -0         -0         -0         -0   0.442696 -0.0226407   0.894894   -1.17508   -2.99897   -2.64994    0.45691   -2.93037    -2.1463  -0.648986
       -0        -0        -0        -0        -0        -0        -0        -0        -0        -0  -1.96347  -2.33817  -1.17508  0.613148  -2.16682 -0.424755  -2.93171  -2.56946  -1.22364 0.0719231
        -0         -0         -0         -0         -0         -0         -0         -0         -0         -0     0.4438   -2.29218   -2.99897   -2.16682   -2.22075   -1.11373  -0.879244 -0.0426266   0.165302   0.076542
       -0        -0        -0        -0        -0        -0        -0        -0        -0        -0 -0.319649  0.852571  -2.64994 -0.424755  -1.11373  -2.40403  0.421283  -2.15112 -0.260031  -2.52823
       -0        -0        -0        -0        -0        -0        -0        -0        -0        -0 -0.756634 -0.492393   0.45691  -2.93171 -0.879244  0.421283 -0.689292  -2.40874 -0.627667 -0.506794
        -0         -0         -0         -0         -0         -0         -0         -0         -0         -0   -2.57048   -0.87581   -2.93037   -2.56946 -0.0426266   -2.15112   -2.40874   -2.94641   -2.18007   -1.61275
       -0        -0        -0        -0        -0        -0        -0        -0        -0        -0   -1.5737  -2.40994   -2.1463  -1.22364  0.165302 -0.260031 -0.627667  -2.18007  -2.23511 -0.461955
        -0         -0         -0         -0         -0         -0         -0         -0         -0         -0   0.615013 0.00825329  -0.648986  0.0719231   0.076542   -2.52823  -0.506794   -1.61275  -0.461955    -1.8264
   2.25094    2.00951   -0.72715   0.493696  -0.633702    2.78909    2.05856    1.03633   0.306756 -0.0710385         -0         -0         -0         -0         -0         -0         -0         -0         -0         -0
  2.00951 -0.735051 -0.767578   1.42984    2.5665 -0.225361   1.26768    2.5277   1.32241   2.49681        -0        -0        -0        -0        -0        -0        -0        -0        -0        -0
  -0.72715  -0.767578    2.64269    2.94446   0.896944 -0.0538127   0.606674    2.67288   0.595234    2.40128         -0         -0         -0         -0         -0         -0         -0         -0         -0         -0
 0.493696   1.42984   2.94446   1.19591 -0.801035   2.43178   2.00302   2.93327   1.25294   1.53564        -0        -0        -0        -0        -0        -0        -0        -0        -0        -0
-0.633702    2.5665  0.896944 -0.801035  0.722306   1.69648 -0.536415   2.72666  0.754193   1.49984        -0        -0        -0        -0        -0        -0        -0        -0        -0        -0
   2.78909  -0.225361 -0.0538127    2.43178    1.69648    1.10669    2.21782   0.395184  -0.708291    2.86487         -0         -0         -0         -0         -0         -0         -0         -0         -0         -0
  2.05856   1.26768  0.606674   2.00302 -0.536415   2.21782   2.54938 -0.681195  -0.64037  0.753459        -0        -0        -0        -0        -0        -0        -0        -0        -0        -0
  1.03633    2.5277   2.67288   2.93327   2.72666  0.395184 -0.681195 -0.407009  0.752126   1.04922        -0        -0        -0        -0        -0        -0        -0        -0        -0        -0
 0.306756   1.32241  0.595234   1.25294  0.754193 -0.708291  -0.64037  0.752126 -0.561749 -0.730797        -0        -0        -0        -0        -0        -0        -0        -0        -0        -0
-0.0710385    2.49681    2.40128    1.53564    1.49984    2.86487   0.753459    1.04922  -0.730797 -0.0851429         -0         -0         -0         -0         -0         -0         -0         -0         -0         -0
       -0        -0        -0        -0        -0        -0        -0        -0        -0        -0  -2.25094  -2.00951   0.72715 -0.493696  0.633702  -2.78909  -2.05856  -1.03633 -0.306756 0.0710385
      -0       -0       -0       -0       -0       -0       -0       -0       -0       -0 -2.00951 0.735051 0.767578 -1.42984  -2.5665 0.225361 -1.26768  -2.5277 -1.32241 -2.49681
       -0        -0        -0        -0        -0        -0        -0        -0        -0        -0   0.72715  0.767578  -2.64269  -2.94446 -0.896944 0.0538127 -0.606674  -2.67288 -0.595234  -2.40128
       -0        -0        -0        -0        -0        -0        -0        -0        -0        -0 -0.493696  -1.42984  -2.94446  -1.19591  0.801035  -2.43178  -2.00302  -2.93327  -1.25294  -1.53564
       -0        -0        -0        -0        -0        -0        -0        -0        -0        -0  0.633702   -2.5665 -0.896944  0.801035 -0.722306  -1.69648  0.536415  -2.72666 -0.754193  -1.49984
       -0        -0        -0        -0        -0        -0        -0        -0        -0        -0  -2.78909  0.225361 0.0538127  -2.43178  -1.69648  -1.10669  -2.21782 -0.395184  0.708291  -2.86487
       -0        -0        -0        -0        -0        -0        -0        -0        -0        -0  -2.05856  -1.26768 -0.606674  -2.00302  0.536415  -2.21782  -2.54938  0.681195   0.64037 -0.753459
       -0        -0        -0        -0        -0        -0        -0        -0        -0        -0  -1.03633   -2.5277  -2.67288  -2.93327  -2.72666 -0.395184  0.681195  0.407009 -0.752126  -1.04922
       -0        -0        -0        -0        -0        -0        -0        -0        -0        -0 -0.306756  -1.32241 -0.595234  -1.25294 -0.754193  0.708291   0.64037 -0.752126  0.561749  0.730797
       -0        -0        -0        -0        -0        -0        -0        -0        -0        -0 0.0710385  -2.49681  -2.40128  -1.53564  -1.49984  -2.86487 -0.753459  -1.04922  0.730797 0.0851429
  1.15559    2.3782  0.815144  0.718625   1.71397   2.77262   2.62838  0.884209   2.36425 -0.823891        -0        -0        -0        -0        -0        -0        -0        -0        -0        -0
   2.3782   1.06896 -0.485326   2.90486   2.83065   2.98015   1.30003   2.73129 -0.891741  0.777216        -0        -0        -0        -0        -0        -0        -0        -0        -0        -0
 0.815144 -0.485326  0.200209   2.65603  0.161563 -0.272668     1.327  0.462331   1.67439   1.75067        -0        -0        -0        -0        -0        -0        -0        -0        -0        -0
  0.718625    2.90486    2.65603    1.16118    1.79336 -0.0271694    2.28441    2.04577  -0.908415    1.50311         -0         -0         -0         -0         -0         -0         -0         -0         -0         -0
  1.71397   2.83065  0.161563   1.79336 -0.195919  0.196576 -0.538786   1.52465   0.08109 0.0616233        -0        -0        -0        -0        -0        -0        -0        -0        -0        -0
   2.77262    2.98015  -0.272668 -0.0271694   0.196576    2.77764  -0.939669    1.26641    2.87097    2.21189         -0         -0         -0         -0         -0         -0         -0         -0         -0         -0
  2.62838   1.30003     1.327   2.28441 -0.538786 -0.939669  0.179242 -0.470759   2.86923   1.56344        -0        -0        -0        -0        -0        -0        -0        -0        -0        -0
 0.884209   2.73129  0.462331   2.04577   1.52465   1.26641 -0.470759   2.15159  0.753967   1.24087        -0        -0        -0        -0        -0        -0        -0        -0        -0        -0
  2.36425 -0.891741   1.67439 -0.908415   0.08109   2.87097   2.86923  0.753967   1.14884   1.00349        -0        -0        -0        -0        -0        -0        -0        -0        -0        -0
-0.823891  0.777216   1.75067   1.50311 0.0616233   2.21189   1.56344   1.24087   1.00349   2.58076        -0        -0        -0        -0        -0        -0        -0        -0        -0        -0
       -0        -0        -0        -0        -0        -0        -0        -0        -0        -0  -1.15559   -2.3782 -0.815144 -0.718625  -1.71397  -2.77262  -2.62838 -0.884209  -2.36425  0.823891
       -0        -0        -0        -0        -0        -0        -0        -0        -0        -0   -2.3782  -1.06896  0.485326  -2.90486  -2.83065  -2.98015  -1.30003  -2.73129  0.891741 -0.777216
       -0        -0        -0        -0        -0        -0        -0        -0        -0        -0 -0.815144  0.485326 -0.200209  -2.65603 -0.161563  0.272668    -1.327 -0.462331  -1.67439  -1.75067
       -0        -0        -0        -0        -0        -0        -0        -0        -0        -0 -0.718625  -2.90486  -2.65603  -1.16118  -1.79336 0.0271694  -2.28441  -2.04577  0.908415  -1.50311
        -0         -0         -0         -0         -0         -0         -0         -0         -0         -0   -1.71397   -2.83065  -0.161563   -1.79336   0.195919  -0.196576   0.538786   -1.52465   -0.08109 -0.0616233
       -0        -0        -0        -0        -0        -0        -0        -0        -0        -0  -2.77262  -2.98015  0.272668 0.0271694 -0.196576  -2.77764  0.939669  -1.26641  -2.87097  -2.21189
       -0        -0        -0        -0        -0        -0        -0        -0        -0        -0  -2.62838  -1.30003    -1.327  -2.28441  0.538786  0.939669 -0.179242  0.470759  -2.86923  -1.56344
       -0        -0        -0        -0        -0        -0        -0        -0        -0        -0 -0.884209  -2.73129 -0.462331  -2.04577  -1.52465  -1.26641  0.470759  -2.15159 -0.753967  -1.24087
       -0        -0        -0        -0        -0        -0        -0        -0        -0        -0  -2.36425  0.891741  -1.67439  0.908415  -0.08109  -2.87097  -2.86923 -0.753967  -1.14884  -1.00349
        -0         -0         -0         -0         -0         -0         -0         -0         -0         -0   0.823891  -0.777216   -1.75067   -1.50311 -0.0616233   -2.21189   -1.56344   -1.24087   -1.00349   -2.58076
