20
1
20
  0.226286  -0.237517 0.00311085  0.0817612  -0.234766   0.017685   -0.43782    0.25305  0.0426503   -0.23731  0.0623697   0.355364  -0.118243  0.0502952  -0.288652   0.312352   0.423332  0.0813821 -0.0539116 0.00976352
-54.0343 -35.7363 -37.2168 -36.8702 -23.4807  -26.572 -21.7437 -23.4158 -18.4581 -25.0308 -24.6961 -6.73826 -18.1088 -20.8416 -38.0249 -32.0303 -30.6525  -21.812 -31.6511 -10.5684
-35.7363   -51.45 -32.3539 -35.1469 -24.4524 -25.6247 -20.6648 -19.6212 -19.3055 -24.6989 -21.9817 -9.92765  -23.476 -13.8308 -32.4985 -30.4691 -38.7709 -29.5278 -26.7186 -7.21581
-37.2168 -32.3539 -57.0833 -32.7605 -22.7309 -34.5749 -38.5168 -19.5185 -33.7951 -30.3766 -31.5426 -16.5034 -15.7362 -28.4695 -23.1028  -33.876 -42.8916 -24.2137 -39.7005  -26.146
-36.8702 -35.1469 -32.7605 -55.1099 -30.6831 -29.6324 -20.8979 -19.5186 -20.0928 -25.7936 -28.2188 -5.94208 -20.3109 -21.8828 -40.1661 -33.9396 -33.9786 -34.7207 -37.5639 -15.8914
-23.4807 -24.4524 -22.7309 -30.6831 -57.2151  -15.098 -18.4281 -17.3193 -14.3024 -25.4208 -20.9399 -12.2521  -15.802 -19.2008 -23.3619 -33.0674 -45.0841 -29.0185 -24.9663 -9.79289
 -26.572 -25.6247 -34.5749 -29.6324  -15.098 -40.3669 -19.5295 -11.6877 -23.3506 -18.7893  -19.899 -8.00113 -15.8315 -19.6677 -21.2432 -30.6452 -28.8382 -21.0211 -23.1306  -21.944
-21.7437 -20.6648 -38.5168 -20.8979 -18.4281 -19.5295 -46.8149 -12.3198 -24.5386 -17.9407 -10.6996 -8.91947 -4.26527 -21.5552 -7.54234 -21.1953 -38.7438 -14.6238 -34.6425 -22.5864
-23.4158 -19.6212 -19.5185 -19.5186 -17.3193 -11.6877 -12.3198 -40.1438 -1.86185 -16.0542 -22.7978 -1.49747  -3.4469 -14.3612 -22.4095 -26.5544 -17.8643 -20.4557 -18.2402 -8.25518
-18.4581 -19.3055 -33.7951 -20.0928 -14.3024 -23.3506 -24.5386 -1.86185 -40.8487 -20.0042 -16.0412 -17.3275 -14.4215 -13.5272 -10.0117  -22.884  -36.335 -18.9755  -27.976 -16.9079
-25.0308 -24.6989 -30.3766 -25.7936 -25.4208 -18.7893 -17.9407 -16.0542 -20.0042 -33.5714 -24.5783 -14.5996 -20.9519 -12.8309  -20.558 -27.2552 -35.2684   -34.04 -23.0291 -13.2384
-24.6961 -21.9817 -31.5426 -28.2188 -20.9399  -19.899 -10.6996 -22.7978 -16.0412 -24.5783 -56.1479 -10.6866 -21.1017 -20.3991 -24.4311 -33.1925 -24.9959 -32.6927 -24.0988 -18.4464
-6.73826 -9.92765 -16.5034 -5.94208 -12.2521 -8.00113 -8.91947 -1.49747 -17.3275 -14.5996 -10.6866 -26.6913 -12.8784 -1.87723 -7.04115 -17.1855 -23.3816 -12.7791 -6.31168 -9.07887
-18.1088  -23.476 -15.7362 -20.3109  -15.802 -15.8315 -4.26527  -3.4469 -14.4215 -20.9519 -21.1017 -12.8784 -42.8941  3.35489 -26.9876 -28.2802 -29.4547 -27.9473 -9.77056 -22.0787
-20.8416 -13.8308 -28.4695 -21.8828 -19.2008 -19.6677 -21.5552 -14.3612 -13.5272 -12.8309 -20.3991 -1.87723  3.35489 -32.3247 -8.34486 -17.6044 -19.7385 -11.7614 -25.4503 -8.44093
-38.0249 -32.4985 -23.1028 -40.1661 -23.3619 -21.2432 -7.54234 -22.4095 -10.0117  -20.558 -24.4311 -7.04115 -26.9876 -8.34486 -61.4012 -33.1016 -22.1432 -23.0685 -20.2191 -13.2271
-32.0303 -30.4691  -33.876 -33.9396 -33.0674 -30.6452 -21.1953 -26.5544  -22.884 -27.2552 -33.1925 -17.1855 -28.2802 -17.6044 -33.1016 -55.7576 -43.4116 -37.4811 -26.2226 -26.8432
-30.6525 -38.7709 -42.8916 -33.9786 -45.0841 -28.8382 -38.7438 -17.8643  -36.335 -35.2684 -24.9959 -23.3816 -29.4547 -19.7385 -22.1432 -43.4116 -70.1836 -38.1771 -39.0847 -26.6727
 -21.812 -29.5278 -24.2137 -34.7207 -29.0185 -21.0211 -14.6238 -20.4557 -18.9755   -34.04 -32.6927 -12.7791 -27.9473 -11.7614 -23.0685 -37.4811 -38.1771 -55.2855 -22.6915  -13.678
-31.6511 -26.7186 -39.7005 -37.5639 -24.9663 -23.1306 -34.6425 -18.2402  -27.976 -23.0291 -24.0988 -6.31168 -9.77056 -25.4503 -20.2191 -26.2226 -39.0847 -22.6915 -46.2754 -18.7995
-10.5684 -7.21581  -26.146 -15.8914 -9.79289  -21.944 -22.5864 -8.25518 -16.9079 -13.2384 -18.4464 -9.07887 -22.0787 -8.44093 -13.2271 -26.8432 -26.6727  -13.678 -18.7995 -40.0642
 -0.448317    2.14293 -0.0194766    0.86539    2.50047    1.47315    2.79901   0.171062    1.34685  -0.458861         -0         -0         -0         -0         -0         -0         -0         -0         -0         -0
  2.14293   1.66657   1.68555 -0.613129   1.67133   1.90687  0.303165   1.27019 -0.632985 -0.922261        -0        -0        -0        -0        -0        -0        -0        -0        -0        -0
-0.0194766    1.68555    1.36185    2.52985 -0.0791279   0.836782   0.974027    1.21781   0.411522    1.99428         -0         -0         -0         -0         -0         -0         -0         -0         -0         -0
  0.86539 -0.613129   2.52985 -0.435364   1.13242 -0.165002   2.32886   1.09193 -0.816366   1.51517        -0        -0        -0        -0        -0        -0        -0        -0        -0        -0
   2.50047    1.67133 -0.0791279    1.13242    2.26813  -0.770455   0.867801  -0.597393   0.202014     2.4066         -0         -0         -0         -0         -0         -0         -0         -0         -0         -0
  1.47315   1.90687  0.836782 -0.165002 -0.770455   1.06971   2.26385   0.48594  0.641067 -0.137914        -0        -0        -0        -0        -0        -0        -0        -0        -0        -0
  2.79901  0.303165  0.974027   2.32886  0.867801   2.26385 -0.981906 -0.421692   1.25335  0.779018        -0        -0        -0        -0        -0        -0        -0        -0        -0        -0
 0.171062   1.27019   1.21781   1.09193 -0.597393   0.48594 -0.421692   2.19561   1.95398   2.42469        -0        -0        -0        -0        -0        -0        -0        -0        -0        -0
  1.34685 -0.632985  0.411522 -0.816366  0.202014  0.641067   1.25335   1.95398 -0.721274   2.77885        -0        -0        -0        -0        -0        -0        -0        -0        -0        -0
-0.458861 -0.922261   1.99428   1.51517    2.4066 -0.137914  0.779018   2.42469   2.77885 -0.451266        -0        -0        -0        -0        -0        -0        -0        -0        -0        -0
       -0        -0        -0        -0        -0        -0        -0        -0        -0        -0  0.448317  -2.14293 0.0194766  -0.86539  -2.50047  -1.47315  -2.79901 -0.171062  -1.34685  0.458861
       -0        -0        -0        -0        -0        -0        -0        -0        -0        -0  -2.14293  -1.66657  -1.68555  0.613129  -1.67133  -1.90687 -0.303165  -1.27019  0.632985  0.922261
       -0        -0        -0        -0        -0        -0        -0        -0        -0        -0 0.0194766  -1.68555  -1.36185  -2.52985 0.0791279 -0.836782 -0.974027  -1.21781 -0.411522  -1.99428
      -0       -0       -0       -0       -0       -0       -0       -0       -0       -0 -0.86539 0.613129 -2.52985 0.435364 -1.13242 0.165002 -2.32886 -1.09193 0.816366 -1.51517
       -0        -0        -0        -0        -0        -0        -0        -0        -0        -0  -2.50047  -1.67133 0.0791279  -1.13242  -2.26813  0.770455 -0.867801  0.597393 -0.202014   -2.4066
       -0        -0        -0        -0        -0        -0        -0        -0        -0        -0  -1.47315  -1.90687 -0.836782  0.165002  0.770455  -1.06971  -2.26385  -0.48594 -0.641067  0.137914
       -0        -0        -0        -0        -0        -0        -0        -0        -0        -0  -2.79901 -0.303165 -0.974027  -2.32886 -0.867801  -2.26385  0.981906  0.421692  -1.25335 -0.779018
       -0        -0        -0        -0        -0        -0        -0        -0        -0        -0 -0.171062  -1.27019  -1.21781  -1.09193  0.597393  -0.48594  0.421692  -2.19561  -1.95398  -2.42469
       -0        -0        -0        -0        -0        -0        -0        -0        -0        -0  -1.34685  0.632985 -0.411522  0.816366 -0.202014 -0.641067  -1.25335  -1.95398  0.721274  -2.77885
       -0        -0        -0        -0        -0        -0        -0        -0        -0        -0  0.458861  0.922261  -1.99428  -1.51517   -2.4066  0.137914 -0.779018  -2.42469  -2.77885  0.451266
  1.97118   1.12481 -0.107906   1.47587   2.76907 -0.566103  0.900325   1.86319  0.586542   2.66133        -0        -0        -0        -0        -0        -0        -0        -0        -0        -0
  1.12481 -0.236004  0.632951   2.33634   1.26404 -0.261837    1.1186   1.10441   2.51195   2.68786        -0        -0        -0        -0        -0        -0        -0        -0        -0        -0
-0.107906  0.632951  0.533864   0.47723   2.69746  0.567482   1.60973   1.29991   2.78998   1.63096        -0        -0        -0        -0        -0        -0        -0        -0        -0        -0
  1.47587   2.33634   0.47723  0.294793 -0.295112  0.967762   2.37755   1.56066   2.15402   1.27105        -0        -0        -0        -0        -0        -0        -0        -0        -0        -0
  2.76907   1.26404   2.69746 -0.295112  0.800374 -0.375457    2.4134   1.80929  0.479714   2.06541        -0        -0        -0        -0        -0        -0        -0        -0        -0        -0
-0.566103 -0.261837  0.567482  0.967762 -0.375457  0.715599   2.13506 -0.899717 -0.585475   1.04436        -0        -0        -0        -0        -0        -0        -0        -0        -0        -0
 0.900325    1.1186   1.60973   2.37755    2.4134   2.13506   2.89663   2.20575 -0.130377  0.406118        -0        -0        -0        -0        -0        -0        -0        -0        -0        -0
  1.86319   1.10441   1.29991   1.56066   1.80929 -0.899717   2.20575  0.652012 -0.612059   1.96205        -0        -0        -0        -0        -0        -0        -0        -0        -0        -0
 0.586542   2.51195   2.78998   2.15402  0.479714 -0.585475 -0.130377 -0.612059  0.787534  0.974081        -0        -0        -0        -0        -0        -0        -0        -0        -0        -0
 2.66133  2.68786  1.63096  1.27105  2.06541  1.04436 0.406118  1.96205 0.974081  2.74145       -0       -0       -0       -0       -0       -0       -0       -0       -0       -0
       -0        -0        -0        -0        -0        -0        -0        -0        -0        -0  -1.97118  -1.12481  0.107906  -1.47587  -2.76907  0.566103 -0.900325  -1.86319 -0.586542  -2.66133
       -0        -0        -0        -0        -0        -0        -0        -0        -0        -0  -1.12481  0.236004 -0.632951  -2.33634  -1.26404  0.261837   -1.1186  -1.10441  -2.51195  -2.68786
       -0        -0        -0        -0        -0        -0        -0        -0        -0        -0  0.107906 -0.632951 -0.533864  -0.47723  -2.69746 -0.567482  -1.60973  -1.29991  -2.78998  -1.63096
       -0        -0        -0        -0        -0        -0        -0        -0        -0        -0  -1.47587  -2.33634  -0.47723 -0.294793  0.295112 -0.967762  -2.37755  -1.56066  -2.15402  -1.27105
       -0        -0        -0        -0        -0        -0        -0        -0        -0        -0  -2.76907  -1.26404  -2.69746  0.295112 -0.800374  0.375457   -2.4134  -1.80929 -0.479714  -2.06541
       -0        -0        -0        -0        -0        -0        -0        -0        -0        -0  0.566103  0.261837 -0.567482 -0.967762  0.375457 -0.715599  -2.13506  0.899717  0.585475  -1.04436
       -0        -0        -0        -0        -0        -0        -0        -0        -0        -0 -0.900325   -1.1186  -1.60973  -2.37755   -2.4134  -2.13506  -2.89663  -2.20575  0.130377 -0.406118
       -0        -0        -0        -0        -0        -0        -0        -0        -0        -0  -1.86319  -1.10441  -1.29991  -1.56066  -1.80929  0.899717  -2.20575 -0.652012  0.612059  -1.96205
       -0        -0        -0        -0        -0        -0        -0        -0        -0        -0 -0.586542  -2.51195  -2.78998  -2.15402 -0.479714  0.585475  0.130377  0.612059 -0.787534 -0.974081
       -0        -0        -0        -0        -0        -0        -0        -0        -0        -0  -2.66133  -2.68786  -1.63096  -1.27105  -2.06541  -1.04436 -0.406118  -1.96205 -0.974081  -2.74145
   1.99791   0.655498   -0.57029 -0.0642826    2.53285    1.52651  -0.722798    1.24196   0.588752    2.17403         -0         -0         -0         -0         -0         -0         -0         -0         -0         -0
 0.655498   2.89371  0.517093 -0.639232   2.57349 0.0323891   1.27977   1.23447   2.42383   2.76831        -0        -0        -0        -0        -0        -0        -0        -0        -0        -0
   -0.57029    0.517093      2.3354     2.91638    0.637597   -0.638361    0.986346 -0.00062585     1.19996    0.723998          -0          -0          -0          -0          -0          -0          -0          -0          -0          -0
-0.0642826  -0.639232    2.91638    1.78158    2.52096    0.86191  -0.806414    2.87956   0.950391   0.160381         -0         -0         -0         -0         -0         -0         -0         -0         -0         -0
  2.53285   2.57349  0.637597   2.52096 0.0189673  -0.90694 0.0613443  0.755425  0.285736    2.9619        -0        -0        -0        -0        -0        -0        -0        -0        -0        -0
  1.52651 0.0323891 -0.638361   0.86191  -0.90694 -0.850214   2.64493   1.01834   1.29302   1.78534        -0        -0        -0        -0        -0        -0        -0        -0        -0        -0
-0.722798   1.27977  0.986346 -0.806414 0.0613443   2.64493    2.5079 -0.435112   1.10018 -0.194686        -0        -0        -0        -0        -0        -0        -0        -0        -0        -0
    1.24196     1.23447 -0.00062585     2.87956    0.755425     1.01834   -0.435112     1.74421    0.548457     2.46979          -0          -0          -0          -0          -0          -0          -0          -0          -0          -0
0.588752  2.42383  1.19996 0.950391 0.285736  1.29302  1.10018 0.548457  2.49111  2.28341       -0       -0       -0       -0       -0       -0       -0       -0       -0       -0
  2.17403   2.76831  0.723998  0.160381    2.9619   1.78534 -0.194686   2.46979   2.28341   2.50694        -0        -0        -0        -0        -0        -0        -0        -0        -0        -0
       -0        -0        -0        -0        -0        -0        -0        -0        -0        -0  -1.99791 -0.655498   0.57029 0.0642826  -2.53285  -1.52651  0.722798  -1.24196 -0.588752  -2.17403
        -0         -0         -0         -0         -0         -0         -0         -0         -0         -0  -0.655498   -2.89371  -0.517093   0.639232   -2.57349 -0.0323891   -1.27977   -1.23447   -2.42383   -2.76831
        -0         -0         -0         -0         -0         -0         -0         -0         -0         -0    0.57029  -0.517093    -2.3354   -2.91638  -0.637597   0.638361  -0.986346 0.00062585   -1.19996  -0.723998
       -0        -0        -0        -0        -0        -0        -0        -0        -0        -0 0.0642826  0.639232  -2.91638  -1.78158  -2.52096  -0.86191  0.806414  -2.87956 -0.950391 -0.160381
        -0         -0         -0         -0         -0         -0         -0         -0         -0         -0   -2.53285   -2.57349  -0.637597   -2.52096 -0.0189673    0.90694 -0.0613443  -0.755425  -0.285736    -2.9619
        -0         -0         -0         -0         -0         -0         -0         -0         -0         -0   -1.52651 -0.0323891   0.638361   -0.86191    0.90694   0.850214   -2.64493   -1.01834   -1.29302   -1.78534
        -0         -0         -0         -0         -0         -0         -0         -0         -0         -0   0.722798   -1.27977  -0.986346   0.806414 -0.0613443   -2.64493    -2.5079   0.435112   -1.10018   0.194686
        -0         -0         -0         -0         -0         -0         -0         -0         -0         -0   -1.24196   -1.23447 0.00062585   -2.87956  -0.755425   -1.01834   0.435112   -1.74421  -0.548457   -2.46979
       -0        -0        -0        -0        -0        -0        -0        -0        -0        -0 -0.588752  -2.42383  -1.19996 -0.950391 -0.285736  -1.29302  -1.10018 -0.548457  -2.49111  -2.28341
       -0        -0        -0        -0        -0        -0        -0        -0        -0        -0  -2.17403  -2.76831 -0.723998 -0.160381   -2.9619  -1.78534  0.194686  -2.46979  -2.28341  -2.50694
 -0.10432   2.13739   2.32459   2.71539  0.836313   2.24407 -0.990573  0.834699    1.8201 -0.842567        -0        -0        -0        -0        -0        -0        -0        -0        -0        -0
  2.13739   2.82979   1.24276   2.21715   2.15488 -0.990422 -0.770396   1.49828  0.731044 -0.681966        -0        -0        -0        -0        -0        -0        -0        -0        -0        -0
   2.32459    1.24276    1.88978  -0.357283    2.02445 -0.0973892    1.52416   0.872159    1.35836   -0.22772         -0         -0         -0         -0         -0         -0         -0         -0         -0         -0
  2.71539   2.21715 -0.357283  0.456799   1.07085   1.13385 -0.347855 -0.140847   2.72271   1.68159        -0        -0        -0        -0        -0        -0        -0        -0        -0        -0
  0.836313    2.15488    2.02445    1.07085  -0.507774  0.0581618   0.686403  -0.430868     2.8649 -0.0298213         -0         -0         -0         -0         -0         -0         -0         -0         -0         -0
   2.24407  -0.990422 -0.0973892    1.13385  0.0581618  -0.694246    2.63637    1.36438    2.41652    1.45868         -0         -0         -0         -0         -0         -0         -0         -0         -0         -0
-0.990573 -0.770396   1.52416 -0.347855  0.686403   2.63637    1.6998  0.663788 -0.971535   1.31796        -0        -0        -0        -0        -0        -0        -0        -0        -0        -0
 0.834699   1.49828  0.872159 -0.140847 -0.430868   1.36438  0.663788 -0.839748 -0.149572   2.66998        -0        -0        -0        -0        -0        -0        -0        -0        -0        -0
   1.8201  0.731044   1.35836   2.72271    2.8649   2.41652 -0.971535 -0.149572 -0.691393 0.0987159        -0        -0        -0        -0        -0        -0        -0        -0        -0        -0
 -0.842567  -0.681966   -0.22772    1.68159 -0.0298213    1.45868    1.31796    2.66998  0.0987159    1.97993         -0         -0         -0         -0         -0         -0         -0         -0         -0         -0
       -0        -0        -0        -0        -0        -0        -0        -0        -0        -0   0.10432  -2.13739  -2.32459  -2.71539 -0.836313  -2.24407  0.990573 -0.834699   -1.8201  0.842567
       -0        -0        -0        -0        -0        -0        -0        -0        -0        -0  -2.13739  -2.82979  -1.24276  -2.21715  -2.15488  0.990422  0.770396  -1.49828 -0.731044  0.681966
       -0        -0        -0        -0        -0        -0        -0        -0        -0        -0  -2.32459  -1.24276  -1.88978  0.357283  -2.02445 0.0973892  -1.52416 -0.872159  -1.35836   0.22772
       -0        -0        -0        -0        -0        -0        -0        -0        -0        -0  -2.71539  -2.21715  0.357283 -0.456799  -1.07085  -1.13385  0.347855  0.140847  -2.72271  -1.68159
        -0         -0         -0         -0         -0         -0         -0         -0         -0         -0  -0.836313   -2.15488   -2.02445   -1.07085   0.507774 -0.0581618  -0.686403   0.430868    -2.8649  0.0298213
        -0         -0         -0         -0         -0         -0         -0         -0         -0         -0   -2.24407   0.990422  0.0973892   -1.13385 -0.0581618   0.694246   -2.63637   -1.36438   -2.41652   -1.45868
       -0        -0        -0        -0        -0        -0        -0        -0        -0        -0  0.990573  0.770396  -1.52416  0.347855 -0.686403  -2.63637   -1.6998 -0.663788  0.971535  -1.31796
       -0        -0        -0        -0        -0        -0        -0        -0        -0        -0 -0.834699  -1.49828 -0.872159  0.140847  0.430868  -1.36438 -0.663788  0.839748  0.149572  -2.66998
        -0         -0         -0         -0         -0         -0         -0         -0         -0         -0    -1.8201  -0.731044   -1.35836   -2.72271    -2.8649   -2.41652   0.971535   0.149572   0.691393 -0.0987159
        -0         -0         -0         -0         -0         -0         -0         -0         -0         -0   0.842567   0.681966    0.22772   -1.68159  0.0298213   -1.45868   -1.31796   -2.66998 -0.0987159   -1.97993
  1.38726   2.80513  0.321547   2.69406  0.228079   2.27082  0.603296   1.67183 -0.245635 -0.874487        -0        -0        -0        -0        -0        -0        -0        -0        -0        -0
  2.80513 0.0276951   2.71458  0.234072  0.638699  0.305731 -0.147267   2.57406   1.49262   1.57689        -0        -0        -0        -0        -0        -0        -0        -0        -0        -0
 0.321547   2.71458   1.20665 -0.415359   1.45491   1.04836 -0.264813   1.03741  0.621969  0.258665        -0        -0        -0        -0        -0        -0        -0        -0        -0        -0
  2.69406  0.234072 -0.415359  0.172274 -0.930095  0.477473   1.18794  0.126741   1.80273   -0.1393        -0        -0        -0        -0        -0        -0        -0        -0        -0        -0
 0.228079  0.638699   1.45491 -0.930095   2.80219   2.39956   1.02501   2.64396   2.97009  -0.23517        -0        -0        -0        -0        -0        -0        -0        -0        -0        -0
  2.27082  0.305731   1.04836  0.477473   2.39956 -0.555464   1.22868  0.839599 0.0215275   2.28367        -0        -0        -0        -0        -0        -0        -0        -0        -0        -0
 0.603296 -0.147267 -0.264813   1.18794   1.02501   1.22868   1.56515 -0.667946   2.24726   2.08938        -0        -0        -0        -0        -0        -0        -0        -0        -0        -0
  1.67183   2.57406   1.03741  0.126741   2.64396  0.839599 -0.667946   1.42059 -0.375601   2.32998        -0        -0        -0        -0        -0        -0        -0        -0        -0        -0
 -0.245635    1.49262   0.621969    1.80273    2.97009  0.0215275    2.24726  -0.375601 -0.0264032  -0.471704         -0         -0         -0         -0         -0         -0         -0         -0         -0         -0
-0.874487   1.57689  0.258665   -0.1393  -0.23517   2.28367   2.08938   2.32998 -0.471704  0.435355        -0        -0        -0        -0        -0        -0        -0        -0        -0        -0
       -0        -0        -0        -0        -0        -0        -0        -0        -0        -0  -1.38726  -2.80513 -0.321547  -2.69406 -0.228079  -2.27082 -0.603296  -1.67183  0.245635  0.874487
        -0         -0         -0         -0         -0         -0         -0         -0         -0         -0   -2.80513 -0.0276951   -2.71458  -0.234072  -0.638699  -0.305731   0.147267   -2.57406   -1.49262   -1.57689
       -0        -0        -0        -0        -0        -0        -0        -0        -0        -0 -0.321547  -2.71458  -1.20665  0.415359  -1.45491  -1.04836  0.264813  -1.03741 -0.621969 -0.258665
       -0        -0        -0        -0        -0        -0        -0        -0        -0        -0  -2.69406 -0.234072  0.415359 -0.172274  0.930095 -0.477473  -1.18794 -0.126741  -1.80273    0.1393
       -0        -0        -0        -0        -0        -0        -0        -0        -0        -0 -0.228079 -0.638699  -1.45491  0.930095  -2.80219  -2.39956  -1.02501  -2.64396  -2.97009   0.23517
        -0         -0         -0         -0         -0         -0         -0         -0         -0         -0   -2.27082  -0.305731   -1.04836  -0.477473   -2.39956   0.555464   -1.22868  -0.839599 -0.0215275   -2.28367
       -0        -0        -0        -0        -0        -0        -0        -0        -0        -0 -0.603296  0.147267  0.264813  -1.18794  -1.02501  -1.22868  -1.56515  0.667946  -2.24726  -2.08938
       -0        -0        -0        -0        -0        -0        -0        -0        -0        -0  -1.67183  -2.57406  -1.03741 -0.126741  -2.64396 -0.839599  0.667946  -1.42059  0.375601  -2.32998
        -0         -0         -0         -0         -0         -0         -0         -0         -0         -0   0.245635   -1.49262  -0.621969   -1.80273   -2.97009 -0.0215275   -2.24726   0.375601  0.0264032   0.471704
       -0        -0        -0        -0        -0        -0        -0        -0        -0        -0  0.874487  -1.57689 -0.258665    0.1393   0.23517  -2.28367  -2.08938  -2.32998  0.471704 -0.435355
   2.72868 -0.0248373    1.28424    2.42555    2.19192    2.32401  -0.491416    2.75914    2.02992   0.782492         -0         -0         -0         -0         -0         -0         -0         -0         -0         -0
-0.0248373    2.82832    1.04012    1.99264  -0.484035    1.78422    1.07355 -0.0011991     2.1711   0.645045         -0         -0         -0         -0         -0         -0         -0         -0         -0         -0
 1.28424  1.04012  2.16915  1.55501  2.99062 0.756971 -0.31627  1.00224 0.655625  1.16622       -0       -0       -0       -0       -0       -0       -0       -0       -0       -0
  2.42555   1.99264   1.55501 -0.565035 -0.487969   1.49316   2.06359   2.74976 -0.213106   1.46622        -0        -0        -0        -0        -0        -0        -0        -0        -0        -0
  2.19192 -0.484035   2.99062 -0.487969    2.1131   1.32713   1.50851  0.510832  0.664261 -0.291365        -0        -0        -0        -0        -0        -0        -0        -0        -0        -0
  2.32401   1.78422  0.756971   1.49316   1.32713 -0.342208  0.442461  0.115333   2.98275 -0.325266        -0        -0        -0        -0        -0        -0        -0        -0        -0        -0
-0.491416   1.07355  -0.31627   2.06359   1.50851  0.442461  0.945468   1.37143  0.444685   2.90868        -0        -0        -0        -0        -0        -0        -0        -0        -0        -0
   2.75914 -0.0011991    1.00224    2.74976   0.510832   0.115333    1.37143    2.31307    -0.9086     1.6541         -0         -0         -0         -0         -0         -0         -0         -0         -0         -0
  2.02992    2.1711  0.655625 -0.213106  0.664261   2.98275  0.444685   -0.9086  0.136461 -0.728419        -0        -0        -0        -0        -0        -0        -0        -0        -0        -0
 0.782492  0.645045   1.16622   1.46622 -0.291365 -0.325266   2.90868    1.6541 -0.728419  0.715567        -0        -0        -0        -0        -0        -0        -0        -0        -0        -0
       -0        -0        -0        -0        -0        -0        -0        -0        -0        -0  -2.72868 0.0248373  -1.28424  -2.42555  -2.19192  -2.32401  0.491416  -2.75914  -2.02992 -0.782492
       -0        -0        -0        -0        -0        -0        -0        -0        -0        -0 0.0248373  -2.82832  -1.04012  -1.99264  0.484035  -1.78422  -1.07355 0.0011991   -2.1711 -0.645045
       -0        -0        -0        -0        -0        -0        -0        -0        -0        -0  -1.28424  -1.04012  -2.16915  -1.55501  -2.99062 -0.756971   0.31627  -1.00224 -0.655625  -1.16622
      -0       -0       -0       -0       -0       -0       -0       -0       -0       -0 -2.42555 -1.99264 -1.55501 0.565035 0.487969 -1.49316 -2.06359 -2.74976 0.213106 -1.46622
       -0        -0        -0        -0        -0        -0        -0        -0        -0        -0  -2.19192  0.484035  -2.99062  0.487969   -2.1131  -1.32713  -1.50851 -0.510832 -0.664261  0.291365
       -0        -0        -0        -0        -0        -0        -0        -0        -0        -0  -2.32401  -1.78422 -0.756971  -1.49316  -1.32713  0.342208 -0.442461 -0.115333  -2.98275  0.325266
       -0        -0        -0        -0        -0        -0        -0        -0        -0        -0  0.491416  -1.07355   0.31627  -2.06359  -1.50851 -0.442461 -0.945468  -1.37143 -0.444685  -2.90868
       -0        -0        -0        -0        -0        -0        -0        -0        -0        -0  -2.75914 0.0011991  -1.00224  -2.74976 -0.510832 -0.115333  -1.37143  -2.31307    0.9086   -1.6541
       -0        -0        -0        -0        -0        -0        -0        -0        -0        -0  -2.02992   -2.1711 -0.655625  0.213106 -0.664261  -2.98275 -0.444685    0.9086 -0.136461  0.728419
       -0        -0        -0        -0        -0        -0        -0        -0        -0        -0 -0.782492 -0.645045  -1.16622  -1.46622  0.291365  0.325266  -2.90868   -1.6541  0.728419 -0.715567
-0.859627 0.0233108 -0.107547  0.904755  0.451887 -0.869816   1.79519  0.734977   2.46174    2.5689        -0        -0        -0        -0        -0        -0        -0        -0        -0        -0
 0.0233108     1.5682   0.814283 -0.0536936    1.99141    2.99811    2.88893  -0.634892   0.739168    1.73761         -0         -0         -0         -0         -0         -0         -0         -0         -0         -0
-0.107547  0.814283  0.443195 -0.964288   1.95079  0.514485  0.477449    2.6066   1.09543  -0.35568        -0        -0        -0        -0        -0        -0        -0        -0        -0        -0
  0.904755 -0.0536936  -0.964288  -0.380877    2.72802   0.573379     1.8309  -0.314229 -0.0237785  0.0463479         -0         -0         -0         -0         -0         -0         -0         -0         -0         -0
 0.451887   1.99141   1.95079   2.72802  0.670346   2.05679 -0.491945 -0.906874   2.31255   0.56851        -0        -0        -0        -0        -0        -0        -0        -0        -0        -0
-0.869816   2.99811  0.514485  0.573379   2.05679  0.794989 -0.433636   0.27695  0.152219  0.152375        -0        -0        -0        -0        -0        -0        -0        -0        -0        -0
  1.79519   2.88893  0.477449    1.8309 -0.491945 -0.433636   1.64709   1.99166   1.77121  0.612712        -0        -0        -0        -0        -0        -0        -0        -0        -0        -0
 0.734977 -0.634892    2.6066 -0.314229 -0.906874   0.27695   1.99166   2.76154   2.03776 -0.784395        -0        -0        -0        -0        -0        -0        -0        -0        -0        -0
   2.46174   0.739168    1.09543 -0.0237785    2.31255   0.152219    1.77121    2.03776    2.94242    1.50475         -0         -0         -0         -0         -0         -0         -0         -0         -0         -0
   2.5689   1.73761  -0.35568 0.0463479   0.56851  0.152375  0.612712 -0.784395   1.50475 -0.474067        -0        -0        -0        -0        -0        -0        -0        -0        -0        -0
        -0         -0         -0         -0         -0         -0         -0         -0         -0         -0   0.859627 -0.0233108   0.107547  -0.904755  -0.451887   0.869816   -1.79519  -0.734977   -2.46174    -2.5689
        -0         -0         -0         -0         -0         -0         -0         -0         -0         -0 -0.0233108    -1.5682  -0.814283  0.0536936   -1.99141   -2.99811   -2.88893   0.634892  -0.739168   -1.73761
       -0        -0        -0        -0        -0        -0        -0        -0        -0        -0  0.107547 -0.814283 -0.443195  0.964288  -1.95079 -0.514485 -0.477449   -2.6066  -1.09543   0.35568
        -0         -0         -0         -0         -0         -0         -0         -0         -0         -0  -0.904755  0.0536936   0.964288   0.380877   -2.72802  -0.573379    -1.8309   0.314229  0.0237785 -0.0463479
       -0        -0        -0        -0        -0        -0        -0        -0        -0        -0 -0.451887  -1.99141  -1.95079  -2.72802 -0.670346  -2.05679  0.491945  0.906874  -2.31255  -0.56851
       -0        -0        -0        -0        -0        -0        -0        -0        -0        -0  0.869816  -2.99811 -0.514485 -0.573379  -2.05679 -0.794989  0.433636  -0.27695 -0.152219 -0.152375
       -0        -0        -0        -0        -0        -0        -0        -0        -0        -0  -1.79519  -2.88893 -0.477449   -1.8309  0.491945  0.433636  -1.64709  -1.99166  -1.77121 -0.612712
       -0        -0        -0        -0        -0        -0        -0        -0        -0        -0 -0.734977  0.634892   -2.6066  0.314229  0.906874  -0.27695  -1.99166  -2.76154  -2.03776  0.784395
       -0        -0        -0        -0        -0        -0        -0        -0        -0        -0  -2.46174 -0.739168  -1.09543 0.0237785  -2.31255 -0.152219  -1.77121  -2.03776  -2.94242  -1.50475
        -0         -0         -0         -0         -0         -0         -0         -0         -0         -0    -2.5689   -1.73761    0.35568 -0.0463479   -0.56851  -0.152375  -0.612712   0.784395   -1.50475   0.474067
-0.169201   1.01447 -0.289741    1.1667 -0.967842   1.68514   2.71708   2.58703   2.60363   1.36181        -0        -0        -0        -0        -0        -0        -0        -0        -0        -0
  1.01447 -0.792561   1.98171   1.55706 -0.891426   1.84384   2.69977  -0.84328  0.732356   1.35909        -0        -0        -0        -0        -0        -0        -0        -0        -0        -0
  -0.289741     1.98171     2.94215     0.25144 -0.00495007     2.86424   -0.578724    0.348136     2.73821   -0.407001          -0          -0          -0          -0          -0          -0          -0          -0          -0          -0
    1.1667    1.55706    0.25144    2.05774  0.0946643    1.62729 -0.0314781  -0.417918    2.46787    1.78309         -0         -0         -0         -0         -0         -0         -0         -0         -0         -0
  -0.967842   -0.891426 -0.00495007   0.0946643   -0.781522   -0.801581     1.75751    0.251384   -0.640353     2.32761          -0          -0          -0          -0          -0          -0          -0          -0          -0          -0
  1.68514   1.84384   2.86424   1.62729 -0.801581    2.8923   2.41574  0.566614   2.93663   2.35051        -0        -0        -0        -0        -0        -0        -0        -0        -0        -0
   2.71708    2.69977  -0.578724 -0.0314781    1.75751    2.41574    2.14546    1.76079    2.36017    1.19883         -0         -0         -0         -0         -0         -0         -0         -0         -0         -0
  2.58703  -0.84328  0.348136 -0.417918  0.251384  0.566614   1.76079    1.7211 -0.502404   1.47307        -0        -0        -0        -0        -0        -0        -0        -0        -0        -0
  2.60363  0.732356   2.73821   2.46787 -0.640353   2.93663   2.36017 -0.502404   1.64201   1.14993        -0        -0        -0        -0        -0        -0        -0        -0        -0        -0
  1.36181   1.35909 -0.407001   1.78309   2.32761   2.35051   1.19883   1.47307   1.14993   1.32339        -0        -0        -0        -0        -0        -0        -0        -0        -0        -0
      -0       -0       -0       -0       -0       -0       -0       -0       -0       -0 0.169201 -1.01447 0.289741  -1.1667 0.967842 -1.68514 -2.71708 -2.58703 -2.60363 -1.36181
       -0        -0        -0        -0        -0        -0        -0        -0        -0        -0  -1.01447  0.792561  -1.98171  -1.55706  0.891426  -1.84384  -2.69977   0.84328 -0.732356  -1.35909
        -0         -0         -0         -0         -0         -0         -0         -0         -0         -0   0.289741   -1.98171   -2.94215   -0.25144 0.00495007   -2.86424   0.578724  -0.348136   -2.73821   0.407001
        -0         -0         -0         -0         -0         -0         -0         -0         -0         -0    -1.1667   -1.55706   -0.25144   -2.05774 -0.0946643   -1.62729  0.0314781   0.417918   -2.46787   -1.78309
        -0         -0         -0         -0         -0         -0         -0         -0         -0         -0   0.967842   0.891426 0.00495007 -0.0946643   0.781522   0.801581   -1.75751  -0.251384   0.640353   -2.32761
       -0        -0        -0        -0        -0        -0        -0        -0        -0        -0  -1.68514  -1.84384  -2.86424  -1.62729  0.801581   -2.8923  -2.41574 -0.566614  -2.93663  -2.35051
       -0        -0        -0        -0        -0        -0        -0        -0        -0        -0  -2.71708  -2.69977  0.578724 0.0314781  -1.75751  -2.41574  -2.14546  -1.76079  -2.36017  -1.19883
       -0        -0        -0        -0        -0        -0        -0        -0        -0        -0  -2.58703   0.84328 -0.348136  0.417918 -0.251384 -0.566614  -1.76079   -1.7211  0.502404  -1.47307
       -0        -0        -0        -0        -0        -0        -0        -0        -0        -0  -2.60363 -0.732356  -2.73821  -2.46787  0.640353  -2.93663  -2.36017  0.502404  -1.64201  -1.14993
      -0       -0       -0       -0       -0       -0       -0       -0       -0       -0 -1.36181 -1.35909 0.407001 -1.78309 -2.32761 -2.35051 -1.19883 -1.47307 -1.14993 -1.32339
  2.71264  0.974209  0.777496  0.931317  0.526231   1.63353 -0.199952  0.688211 0.0748182 -0.750553        -0        -0        -0        -0        -0        -0        -0        -0        -0        -0
 0.974209   1.05623   1.62601 -0.836529   1.98099  -0.16239   1.53834   1.47785   2.99206    0.3508        -0        -0        -0        -0        -0        -0        -0        -0        -0        -0
 0.777496   1.62601   1.65015  0.607899  -0.34825      2.59   2.87574   1.32266 -0.586466 -0.190722        -0        -0        -0        -0        -0        -0        -0        -0        -0        -0
  0.931317  -0.836529   0.607899  -0.588572 -0.0668119   0.283677    1.40795    1.33996  -0.335181  -0.874811         -0         -0         -0         -0         -0         -0         -0         -0         -0         -0
  0.526231    1.98099   -0.34825 -0.0668119  -0.306589    2.20811    1.94977    2.41104   0.275739    2.75875         -0         -0         -0         -0         -0         -0         -0         -0         -0         -0
     1.63353     -0.16239         2.59     0.283677      2.20811 -0.000902695    0.0999857      2.01607      2.62164      2.75905           -0           -0           -0           -0           -0           -0           -0           -0           -0           -0
-0.199952   1.53834   2.87574   1.40795   1.94977 0.0999857   1.33489  -0.48419  0.663916  0.225175        -0        -0        -0        -0        -0        -0        -0        -0        -0        -0
 0.688211   1.47785   1.32266   1.33996   2.41104   2.01607  -0.48419 -0.889173 -0.462824   1.09364        -0        -0        -0        -0        -0        -0        -0        -0        -0        -0
0.0748182   2.99206 -0.586466 -0.335181  0.275739   2.62164  0.663916 -0.462824 -0.449249   1.85173        -0        -0        -0        -0        -0        -0        -0        -0        -0        -0
-0.750553    0.3508 -0.190722 -0.874811   2.75875   2.75905  0.225175   1.09364   1.85173   1.17679        -0        -0        -0        -0        -0        -0        -0        -0        -0        -0
        -0         -0         -0         -0         -0         -0         -0         -0         -0         -0   -2.71264  -0.974209  -0.777496  -0.931317  -0.526231   -1.63353   0.199952  -0.688211 -0.0748182   0.750553
       -0        -0        -0        -0        -0        -0        -0        -0        -0        -0 -0.974209  -1.05623  -1.62601  0.836529  -1.98099   0.16239  -1.53834  -1.47785  -2.99206   -0.3508
       -0        -0        -0        -0        -0        -0        -0        -0        -0        -0 -0.777496  -1.62601  -1.65015 -0.607899   0.34825     -2.59  -2.87574  -1.32266  0.586466  0.190722
       -0        -0        -0        -0        -0        -0        -0        -0        -0        -0 -0.931317  0.836529 -0.607899  0.588572 0.0668119 -0.283677  -1.40795  -1.33996  0.335181  0.874811
       -0        -0        -0        -0        -0        -0        -0        -0        -0        -0 -0.526231  -1.98099   0.34825 0.0668119  0.306589  -2.20811  -1.94977  -2.41104 -0.275739  -2.75875
         -0          -0          -0          -0          -0          -0          -0          -0          -0          -0    -1.63353     0.16239       -2.59   -0.283677    -2.20811 0.000902695  -0.0999857    -2.01607    -2.62164    -2.75905
        -0         -0         -0         -0         -0         -0         -0         -0         -0         -0   0.199952   -1.53834   -2.87574   -1.40795   -1.94977 -0.0999857   -1.33489    0.48419  -0.663916  -0.225175
       -0        -0        -0        -0        -0        -0        -0        -0        -0        -0 -0.688211  -1.47785  -1.32266  -1.33996  -2.41104  -2.01607   0.48419  0.889173  0.462824  -1.09364
        -0         -0         -0         -0         -0         -0         -0         -0         -0         -0 -0.0748182   -2.99206   0.586466   0.335181  -0.275739   -2.62164  -0.663916   0.462824   0.449249   -1.85173
       -0        -0        -0        -0        -0        -0        -0        -0        -0        -0  0.750553   -0.3508  0.190722  0.874811  -2.75875  -2.75905 -0.225175  -1.09364  -1.85173  -1.17679
  0.435309    1.97164   0.850994   0.714153    1.86064 0.00781571   0.560117    2.48813  -0.223017   0.951923         -0         -0         -0         -0         -0         -0         -0         -0         -0         -0
  1.97164  0.251319     1.187 -0.803939   2.05826   2.20947 -0.926093   2.08285 -0.891598  0.415728        -0        -0        -0        -0        -0        -0        -0        -0        -0        -0
  0.850994      1.187 -0.0916344   0.810998    2.86229  -0.489796   0.540106     2.2069   0.696798    1.54324         -0         -0         -0         -0         -0         -0         -0         -0         -0         -0
 0.714153 -0.803939  0.810998   1.36879   1.98528  0.916181   2.37112   2.35042  0.287188   2.49203        -0        -0        -0        -0        -0        -0        -0        -0        -0        -0
  1.86064   2.05826   2.86229   1.98528   1.44344  0.869747    1.4427   1.06812   1.02458 -0.213157        -0        -0        -0        -0        -0        -0        -0        -0        -0        -0
0.00781571    2.20947  -0.489796   0.916181   0.869747    1.82239   0.494136   0.650336    2.56655 -0.0140614         -0         -0         -0         -0         -0         -0         -0         -0         -0         -0
  0.560117  -0.926093   0.540106    2.37112     1.4427   0.494136   -0.93798   0.128843  -0.890421 -0.0138349         -0         -0         -0         -0         -0         -0         -0         -0         -0         -0
  2.48813   2.08285    2.2069   2.35042   1.06812  0.650336  0.128843   1.45378 -0.392123 -0.151137        -0        -0        -0        -0        -0        -0        -0        -0        -0        -0
-0.223017 -0.891598  0.696798  0.287188   1.02458   2.56655 -0.890421 -0.392123   2.85561  0.863103        -0        -0        -0        -0        -0        -0        -0        -0        -0        -0
  0.951923   0.415728    1.54324    2.49203  -0.213157 -0.0140614 -0.0138349  -0.151137   0.863103   0.208368         -0         -0         -0         -0         -0         -0         -0         -0         -0         -0
         -0          -0          -0          -0          -0          -0          -0          -0          -0          -0   -0.435309    -1.97164   -0.850994   -0.714153    -1.86064 -0.00781571   -0.560117    -2.48813    0.223017   -0.951923
       -0        -0        -0        -0        -0        -0        -0        -0        -0        -0  -1.97164 -0.251319    -1.187  0.803939  -2.05826  -2.20947  0.926093  -2.08285  0.891598 -0.415728
       -0        -0        -0        -0        -0        -0        -0        -0        -0        -0 -0.850994    -1.187 0.0916344 -0.810998  -2.86229  0.489796 -0.540106   -2.2069 -0.696798  -1.54324
       -0        -0        -0        -0        -0        -0        -0        -0        -0        -0 -0.714153  0.803939 -0.810998  -1.36879  -1.98528 -0.916181  -2.37112  -2.35042 -0.287188  -2.49203
       -0        -0        -0        -0        -0        -0        -0        -0        -0        -0  -1.86064  -2.05826  -2.86229  -1.98528  -1.44344 -0.869747   -1.4427  -1.06812  -1.02458  0.213157
         -0          -0          -0          -0          -0          -0          -0          -0          -0          -0 -0.00781571    -2.20947    0.489796   -0.916181   -0.869747    -1.82239   -0.494136   -0.650336    -2.56655   0.0140614
       -0        -0        -0        -0        -0        -0        -0        -0        -0        -0 -0.560117  0.926093 -0.540106  -2.37112   -1.4427 -0.494136   0.93798 -0.128843  0.890421 0.0138349
       -0        -0        -0        -0        -0        -0        -0        -0        -0        -0  -2.48813  -2.08285   -2.2069  -2.35042  -1.06812 -0.650336 -0.128843  -1.45378  0.392123  0.151137
       -0        -0        -0        -0        -0        -0        -0        -0        -0        -0  0.223017  0.891598 -0.696798 -0.287188  -1.02458  -2.56655  0.890421  0.392123  -2.85561 -0.863103
       -0        -0        -0        -0        -0        -0        -0        -0        -0        -0 -0.951923 -0.415728  -1.54324  -2.49203  0.213157 0.0140614 0.0138349  0.151137 -0.863103 -0.208368
-0.00249716    -0.68218    0.456198     2.33467   -0.499819   -0.917762     2.54208  0.00709854   -0.152309     1.78783          -0          -0          -0          -0          -0          -0          -0          -0          -0          -0
 -0.68218  0.590098  0.648112  0.485711   2.04968   2.70879 -0.402356   1.28315   1.21671   1.56655        -0        -0        -0        -0        -0        -0        -0        -0        -0        -0
 0.456198  0.648112    1.8525 -0.800286 -0.611561  0.996521 -0.451996   1.42471   1.62264   2.84149        -0        -0        -0        -0        -0        -0        -0        -0        -0        -0
  2.33467  0.485711 -0.800286   2.62589  0.563909   1.93474    2.7418  0.395538   1.84421   2.33584        -0        -0        -0        -0        -0        -0        -0        -0        -0        -0
-0.499819   2.04968 -0.611561  0.563909 0.0643006   2.70823 -0.776468   2.84706  0.151453   1.30835        -0        -0        -0        -0        -0        -0        -0        -0        -0        -0
-0.917762   2.70879  0.996521   1.93474   2.70823   2.13666   1.23812   2.48901   1.33087 -0.934982        -0        -0        -0        -0        -0        -0        -0        -0        -0        -0
  2.54208 -0.402356 -0.451996    2.7418 -0.776468   1.23812 -0.356836 -0.338737  0.980874  0.573954        -0        -0        -0        -0        -0        -0        -0        -0        -0        -0
0.00709854    1.28315    1.42471   0.395538    2.84706    2.48901  -0.338737  -0.500718    2.72554    1.95151         -0         -0         -0         -0         -0         -0         -0         -0         -0         -0
-0.152309   1.21671   1.62264   1.84421  0.151453   1.33087  0.980874   2.72554   2.02447   1.27378        -0        -0        -0        -0        -0        -0        -0        -0        -0        -0
  1.78783   1.56655   2.84149   2.33584   1.30835 -0.934982  0.573954   1.95151   1.27378   2.35693        -0        -0        -0        -0        -0        -0        -0        -0        -0        -0
         -0          -0          -0          -0          -0          -0          -0          -0          -0          -0  0.00249716     0.68218   -0.456198    -2.33467    0.499819    0.917762    -2.54208 -0.00709854    0.152309    -1.78783
       -0        -0        -0        -0        -0        -0        -0        -0        -0        -0   0.68218 -0.590098 -0.648112 -0.485711  -2.04968  -2.70879  0.402356  -1.28315  -1.21671  -1.56655
       -0        -0        -0        -0        -0        -0        -0        -0        -0        -0 -0.456198 -0.648112   -1.8525  0.800286  0.611561 -0.996521  0.451996  -1.42471  -1.62264  -2.84149
       -0        -0        -0        -0        -0        -0        -0        -0        -0        -0  -2.33467 -0.485711  0.800286  -2.62589 -0.563909  -1.93474   -2.7418 -0.395538  -1.84421  -2.33584
        -0         -0         -0         -0         -0         -0         -0         -0         -0         -0   0.499819   -2.04968   0.611561  -0.563909 -0.0643006   -2.70823   0.776468   -2.84706  -0.151453   -1.30835
       -0        -0        -0        -0        -0        -0        -0        -0        -0        -0  0.917762  -2.70879 -0.996521  -1.93474  -2.70823  -2.13666  -1.23812  -2.48901  -1.33087  0.934982
       -0        -0        -0        -0        -0        -0        -0        -0        -0        -0  -2.54208  0.402356  0.451996   -2.7418  0.776468  -1.23812  0.356836  0.338737 -0.980874 -0.573954
         -0          -0          -0          -0          -0          -0          -0          -0          -0          -0 -0.00709854    -1.28315    -1.42471   -0.395538    -2.84706    -2.48901    0.338737    0.500718    -2.72554    -1.95151
       -0        -0        -0        -0        -0        -0        -0        -0        -0        -0  0.152309  -1.21671  -1.62264  -1.84421 -0.151453  -1.33087 -0.980874  -2.72554  -2.02447  -1.27378
       -0        -0        -0        -0        -0        -0        -0        -0        -0        -0  -1.78783  -1.56655  -2.84149  -2.33584  -1.30835  0.934982 -0.573954  -1.95151  -1.27378  -2.35693
  1.32654 -0.748473   1.90304 -0.477017  0.748701   1.93852   2.34871   1.53878  0.508418 -0.618391        -0        -0        -0        -0        -0        -0        -0        -0        -0        -0
 -0.748473    1.83412  -0.743733    1.38246    1.62981  -0.288684    2.08889   0.533749 -0.0868677  -0.251859         -0         -0         -0         -0         -0         -0         -0         -0         -0         -0
  1.90304 -0.743733   1.79606 -0.635803 -0.529255  0.807747   0.27737  0.761616   2.67819   1.37081        -0        -0        -0        -0        -0        -0        -0        -0        -0        -0
-0.477017   1.38246 -0.635803   1.16306   1.34015   0.73458   2.71291   2.00953   2.31616  0.658979        -0        -0        -0        -0        -0        -0        -0        -0        -0        -0
 0.748701   1.62981 -0.529255   1.34015   0.50398   2.45584  0.251951   2.87389   1.64771 -0.538948        -0        -0        -0        -0        -0        -0        -0        -0        -0        -0
  1.93852 -0.288684  0.807747   0.73458   2.45584  0.399849  -0.58892    2.2656   2.13404   2.62276        -0        -0        -0        -0        -0        -0        -0        -0        -0        -0
  2.34871   2.08889   0.27737   2.71291  0.251951  -0.58892 -0.246479  0.158602 -0.283986   1.07006        -0        -0        -0        -0        -0        -0        -0        -0        -0        -0
 1.53878 0.533749 0.761616  2.00953  2.87389   2.2656 0.158602  2.95694   0.4867 0.214573       -0       -0       -0       -0       -0       -0       -0       -0       -0       -0
  0.508418 -0.0868677    2.67819    2.31616    1.64771    2.13404  -0.283986     0.4867   0.399427  -0.475087         -0         -0         -0         -0         -0         -0         -0         -0         -0         -0
-0.618391 -0.251859   1.37081  0.658979 -0.538948   2.62276   1.07006  0.214573 -0.475087  0.855107        -0        -0        -0        -0        -0        -0        -0        -0        -0        -0
       -0        -0        -0        -0        -0        -0        -0        -0        -0        -0  -1.32654  0.748473  -1.90304  0.477017 -0.748701  -1.93852  -2.34871  -1.53878 -0.508418  0.618391
       -0        -0        -0        -0        -0        -0        -0        -0        -0        -0  0.748473  -1.83412  0.743733  -1.38246  -1.62981  0.288684  -2.08889 -0.533749 0.0868677  0.251859
       -0        -0        -0        -0        -0        -0        -0        -0        -0        -0  -1.90304  0.743733  -1.79606  0.635803  0.529255 -0.807747  -0.27737 -0.761616  -2.67819  -1.37081
       -0        -0        -0        -0        -0        -0        -0        -0        -0        -0  0.477017  -1.38246  0.635803  -1.16306  -1.34015  -0.73458  -2.71291  -2.00953  -2.31616 -0.658979
       -0        -0        -0        -0        -0        -0        -0        -0        -0        -0 -0.748701  -1.62981  0.529255  -1.34015  -0.50398  -2.45584 -0.251951  -2.87389  -1.64771  0.538948
       -0        -0        -0        -0        -0        -0        -0        -0        -0        -0  -1.93852  0.288684 -0.807747  -0.73458  -2.45584 -0.399849   0.58892   -2.2656  -2.13404  -2.62276
       -0        -0        -0        -0        -0        -0        -0        -0        -0        -0  -2.34871  -2.08889  -0.27737  -2.71291 -0.251951   0.58892  0.246479 -0.158602  0.283986  -1.07006
       -0        -0        -0        -0        -0        -0        -0        -0        -0        -0  -1.53878 -0.533749 -0.761616  -2.00953  -2.87389   -2.2656 -0.158602  -2.95694   -0.4867 -0.214573
       -0        -0        -0        -0        -0        -0        -0        -0        -0        -0 -0.508418 0.0868677  -2.67819  -2.31616  -1.64771  -2.13404  0.283986   -0.4867 -0.399427  0.475087
       -0        -0        -0        -0        -0        -0        -0        -0        -0        -0  0.618391  0.251859  -1.37081 -0.658979  0.538948  -2.62276  -1.07006 -0.214573  0.475087 -0.855107
-0.653623    1.1987 -0.957795    1.3615 -0.989718   1.42632 -0.182874 -0.345776   1.20853 -0.528299        -0        -0        -0        -0        -0        -0        -0        -0        -0        -0
   1.1987 -0.271893 -0.222647    0.1805  0.128142   0.80766  0.657976   2.17985   2.64402   0.48765        -0        -0        -0        -0        -0        -0        -0        -0        -0        -0
 -0.957795  -0.222647     2.1585   0.624381 -0.0391011  -0.646244    2.21899     1.1967    1.19341    1.30683         -0         -0         -0         -0         -0         -0         -0         -0         -0         -0
   1.3615    0.1805  0.624381  0.750353 -0.728385  0.584819   1.44151  0.615123   1.56228   2.69069        -0        -0        -0        -0        -0        -0        -0        -0        -0        -0
 -0.989718   0.128142 -0.0391011  -0.728385    2.00504  -0.779328    2.40833    2.45147    0.22884    2.92916         -0         -0         -0         -0         -0         -0         -0         -0         -0         -0
  1.42632   0.80766 -0.646244  0.584819 -0.779328   1.79009   1.50749  0.201732   1.41408  0.715156        -0        -0        -0        -0        -0        -0        -0        -0        -0        -0
-0.182874  0.657976   2.21899   1.44151   2.40833   1.50749   1.13912   1.62029  0.352372   1.19818        -0        -0        -0        -0        -0        -0        -0        -0        -0        -0
-0.345776   2.17985    1.1967  0.615123   2.45147  0.201732   1.62029   1.63212   1.43321   1.06827        -0        -0        -0        -0        -0        -0        -0        -0        -0        -0
  1.20853   2.64402   1.19341   1.56228   0.22884   1.41408  0.352372   1.43321 -0.329476   1.13659        -0        -0        -0        -0        -0        -0        -0        -0        -0        -0
-0.528299   0.48765   1.30683   2.69069   2.92916  0.715156   1.19818   1.06827   1.13659  0.367749        -0        -0        -0        -0        -0        -0        -0        -0        -0        -0
      -0       -0       -0       -0       -0       -0       -0       -0       -0       -0 0.653623  -1.1987 0.957795  -1.3615 0.989718 -1.42632 0.182874 0.345776 -1.20853 0.528299
       -0        -0        -0        -0        -0        -0        -0        -0        -0        -0   -1.1987  0.271893  0.222647   -0.1805 -0.128142  -0.80766 -0.657976  -2.17985  -2.64402  -0.48765
       -0        -0        -0        -0        -0        -0        -0        -0        -0        -0  0.957795  0.222647   -2.1585 -0.624381 0.0391011  0.646244  -2.21899   -1.1967  -1.19341  -1.30683
       -0        -0        -0        -0        -0        -0        -0        -0        -0        -0   -1.3615   -0.1805 -0.624381 -0.750353  0.728385 -0.584819  -1.44151 -0.615123  -1.56228  -2.69069
       -0        -0        -0        -0        -0        -0        -0        -0        -0        -0  0.989718 -0.128142 0.0391011  0.728385  -2.00504  0.779328  -2.40833  -2.45147  -0.22884  -2.92916
       -0        -0        -0        -0        -0        -0        -0        -0        -0        -0  -1.42632  -0.80766  0.646244 -0.584819  0.779328  -1.79009  -1.50749 -0.201732  -1.41408 -0.715156
       -0        -0        -0        -0        -0        -0        -0        -0        -0        -0  0.182874 -0.657976  -2.21899  -1.44151  -2.40833  -1.50749  -1.13912  -1.62029 -0.352372  -1.19818
       -0        -0        -0        -0        -0        -0        -0        -0        -0        -0  0.345776  -2.17985   -1.1967 -0.615123  -2.45147 -0.201732  -1.62029  -1.63212  -1.43321  -1.06827
       -0        -0        -0        -0        -0        -0        -0        -0        -0        -0  -1.20853  -2.64402  -1.19341  -1.56228  -0.22884  -1.41408 -0.352372  -1.43321  0.329476  -1.13659
       -0        -0        -0        -0        -0        -0        -0        -0        -0        -0  0.528299  -0.48765  -1.30683  -2.69069  -2.92916 -0.715156  -1.19818  -1.06827  -1.13659 -0.367749
  2.13683   2.41198  0.403226   1.78735   1.93363   2.51159 0.0615852  0.608704   0.34523   2.74595        -0        -0        -0        -0        -0        -0        -0        -0        -0        -0
   2.41198  -0.160281    2.53073     2.3119   0.196747  -0.635473 -0.0254606    1.04275    1.28958  -0.417666         -0         -0         -0         -0         -0         -0         -0         -0         -0         -0
0.403226  2.53073  1.17764  1.35261  1.80492 0.546174  2.28301 0.154251  0.94638  1.82073       -0       -0       -0       -0       -0       -0       -0       -0       -0       -0
  1.78735    2.3119   1.35261   2.33495   1.33061  0.689234   2.41419 -0.586373    1.8914   2.02896        -0        -0        -0        -0        -0        -0        -0        -0        -0        -0
  1.93363  0.196747   1.80492   1.33061   1.80213  -0.92542 -0.690513 -0.626643   2.97881   2.99653        -0        -0        -0        -0        -0        -0        -0        -0        -0        -0
  2.51159 -0.635473  0.546174  0.689234  -0.92542 -0.232407   2.92843   2.95638   1.02096   2.13021        -0        -0        -0        -0        -0        -0        -0        -0        -0        -0
 0.0615852 -0.0254606    2.28301    2.41419  -0.690513    2.92843    1.17273    1.62055      2.659    1.95739         -0         -0         -0         -0         -0         -0         -0         -0         -0         -0
 0.608704   1.04275  0.154251 -0.586373 -0.626643   2.95638   1.62055   2.32978   2.77484   1.16926        -0        -0        -0        -0        -0        -0        -0        -0        -0        -0
0.34523 1.28958 0.94638  1.8914 2.97881 1.02096   2.659 2.77484 2.52075 1.77371      -0      -0      -0      -0      -0      -0      -0      -0      -0      -0
  2.74595 -0.417666   1.82073   2.02896   2.99653   2.13021   1.95739   1.16926   1.77371    1.0665        -0        -0        -0        -0        -0        -0        -0        -0        -0        -0
        -0         -0         -0         -0         -0         -0         -0         -0         -0         -0   -2.13683   -2.41198  -0.403226   -1.78735   -1.93363   -2.51159 -0.0615852  -0.608704   -0.34523   -2.74595
       -0        -0        -0        -0        -0        -0        -0        -0        -0        -0  -2.41198  0.160281  -2.53073   -2.3119 -0.196747  0.635473 0.0254606  -1.04275  -1.28958  0.417666
       -0        -0        -0        -0        -0        -0        -0        -0        -0        -0 -0.403226  -2.53073  -1.17764  -1.35261  -1.80492 -0.546174  -2.28301 -0.154251  -0.94638  -1.82073
       -0        -0        -0        -0        -0        -0        -0        -0        -0        -0  -1.78735   -2.3119  -1.35261  -2.33495  -1.33061 -0.689234  -2.41419  0.586373   -1.8914  -2.02896
       -0        -0        -0        -0        -0        -0        -0        -0        -0        -0  -1.93363 -0.196747  -1.80492  -1.33061  -1.80213   0.92542  0.690513  0.626643  -2.97881  -2.99653
       -0        -0        -0        -0        -0        -0        -0        -0        -0        -0  -2.51159  0.635473 -0.546174 -0.689234   0.92542  0.232407  -2.92843  -2.95638  -1.02096  -2.13021
        -0         -0         -0         -0         -0         -0         -0         -0         -0         -0 -0.0615852  0.0254606   -2.28301   -2.41419   0.690513   -2.92843   -1.17273   -1.62055     -2.659   -1.95739
       -0        -0        -0        -0        -0        -0        -0        -0        -0        -0 -0.608704  -1.04275 -0.154251  0.586373  0.626643  -2.95638  -1.62055  -2.32978  -2.77484  -1.16926
      -0       -0       -0       -0       -0       -0       -0       -0       -0       -0 -0.34523 -1.28958 -0.94638  -1.8914 -2.97881 -1.02096   -2.659 -2.77484 -2.52075 -1.77371
      -0       -0       -0       -0       -0       -0       -0       -0       -0       -0 -2.74595 0.417666 -1.82073 -2.02896 -2.99653 -2.13021 -1.95739 -1.16926 -1.77371  -1.0665
    1.12677 -0.00154932    0.554202     2.85742    0.895232    -0.73047   -0.110561     2.50661   -0.355845     1.00472          -0          -0          -0          -0          -0          -0          -0          -0          -0          -0
-0.00154932    0.157616     2.80457    0.361427     2.87237     1.73051     1.82901    0.417413   -0.375948  -0.0935511          -0          -0          -0          -0          -0          -0          -0          -0          -0          -0
 0.554202   2.80457 0.0688725   1.66128  0.419274   1.34715   1.99989   0.75433   1.30099  0.972585        -0        -0        -0        -0        -0        -0        -0        -0        -0        -0
   2.85742   0.361427    1.66128    2.96667    1.20019   0.338402    2.55072 -0.0741204    1.99131 0.00460851         -0         -0         -0         -0         -0         -0         -0         -0         -0         -0
 0.895232   2.87237  0.419274   1.20019    1.8172   2.10544   1.79568   2.61761  0.962455 -0.542835        -0        -0        -0        -0        -0        -0        -0        -0        -0        -0
 -0.73047   1.73051   1.34715  0.338402   2.10544  0.180677   2.64233 -0.428469  0.406428 -0.231738        -0        -0        -0        -0        -0        -0        -0        -0        -0        -0
-0.110561   1.82901   1.99989   2.55072   1.79568   2.64233   2.00804   1.39417 -0.828018 -0.353057        -0        -0        -0        -0        -0        -0        -0        -0        -0        -0
   2.50661   0.417413    0.75433 -0.0741204    2.61761  -0.428469    1.39417    1.10157  -0.633744     2.4652         -0         -0         -0         -0         -0         -0         -0         -0         -0         -0
-0.355845 -0.375948   1.30099   1.99131  0.962455  0.406428 -0.828018 -0.633744  -0.98299  -0.98679        -0        -0        -0        -0        -0        -0        -0        -0        -0        -0
   1.00472 -0.0935511   0.972585 0.00460851  -0.542835  -0.231738  -0.353057     2.4652   -0.98679  -0.830876         -0         -0         -0         -0         -0         -0         -0         -0         -0         -0
        -0         -0         -0         -0         -0         -0         -0         -0         -0         -0   -1.12677 0.00154932  -0.554202   -2.85742  -0.895232    0.73047   0.110561   -2.50661   0.355845   -1.00472
        -0         -0         -0         -0         -0         -0         -0         -0         -0         -0 0.00154932  -0.157616   -2.80457  -0.361427   -2.87237   -1.73051   -1.82901  -0.417413   0.375948  0.0935511
        -0         -0         -0         -0         -0         -0         -0         -0         -0         -0  -0.554202   -2.80457 -0.0688725   -1.66128  -0.419274   -1.34715   -1.99989   -0.75433   -1.30099  -0.972585
         -0          -0          -0          -0          -0          -0          -0          -0          -0          -0    -2.85742   -0.361427    -1.66128    -2.96667    -1.20019   -0.338402    -2.55072   0.0741204    -1.99131 -0.00460851
       -0        -0        -0        -0        -0        -0        -0        -0        -0        -0 -0.895232  -2.87237 -0.419274  -1.20019   -1.8172  -2.10544  -1.79568  -2.61761 -0.962455  0.542835
       -0        -0        -0        -0        -0        -0        -0        -0        -0        -0   0.73047  -1.73051  -1.34715 -0.338402  -2.10544 -0.180677  -2.64233  0.428469 -0.406428  0.231738
      -0       -0       -0       -0       -0       -0       -0       -0       -0       -0 0.110561 -1.82901 -1.99989 -2.55072 -1.79568 -2.64233 -2.00804 -1.39417 0.828018 0.353057
       -0        -0        -0        -0        -0        -0        -0        -0        -0        -0  -2.50661 -0.417413  -0.75433 0.0741204  -2.61761  0.428469  -1.39417  -1.10157  0.633744   -2.4652
       -0        -0        -0        -0        -0        -0        -0        -0        -0        -0  0.355845  0.375948  -1.30099  -1.99131 -0.962455 -0.406428  0.828018  0.633744   0.98299   0.98679
         -0          -0          -0          -0          -0          -0          -0          -0          -0          -0    -1.00472   0.0935511   -0.972585 -0.00460851    0.542835    0.231738    0.353057     -2.4652     0.98679    0.830876
 0.347162   1.41035   1.25673    1.8057   2.11281   2.19039   2.40073 -0.333556   1.11632   1.78941        -0        -0        -0        -0        -0        -0        -0        -0        -0        -0
  1.41035   2.94987 -0.014972 -0.689247   1.22652  0.163039   0.77572   1.61467   1.13419 -0.436068        -0        -0        -0        -0        -0        -0        -0        -0        -0        -0
   1.25673  -0.014972    2.04122  -0.469393  -0.148029     1.3438 0.00434963    1.95033   0.380907   0.539291         -0         -0         -0         -0         -0         -0         -0         -0         -0         -0
   1.8057 -0.689247 -0.469393  -0.60776   2.76441   1.23162   2.93134  0.518415 -0.539882   2.79376        -0        -0        -0        -0        -0        -0        -0        -0        -0        -0
  2.11281   1.22652 -0.148029   2.76441   1.93785  0.392358   1.16796   1.37908 -0.634188 -0.504732        -0        -0        -0        -0        -0        -0        -0        -0        -0        -0
  2.19039  0.163039    1.3438   1.23162  0.392358 -0.666563 -0.583406   0.88818   1.77326   2.70725        -0        -0        -0        -0        -0        -0        -0        -0        -0        -0
   2.40073    0.77572 0.00434963    2.93134    1.16796  -0.583406 -0.0923622   0.311562  -0.206445  -0.789642         -0         -0         -0         -0         -0         -0         -0         -0         -0         -0
-0.333556   1.61467   1.95033  0.518415   1.37908   0.88818  0.311562 -0.242454   1.09582  0.402906        -0        -0        -0        -0        -0        -0        -0        -0        -0        -0
  1.11632   1.13419  0.380907 -0.539882 -0.634188   1.77326 -0.206445   1.09582  0.163203    2.4716        -0        -0        -0        -0        -0        -0        -0        -0        -0        -0
  1.78941 -0.436068  0.539291   2.79376 -0.504732   2.70725 -0.789642  0.402906    2.4716   2.71222        -0        -0        -0        -0        -0        -0        -0        -0        -0        -0
       -0        -0        -0        -0        -0        -0        -0        -0        -0        -0 -0.347162  -1.41035  -1.25673   -1.8057  -2.11281  -2.19039  -2.40073  0.333556  -1.11632  -1.78941
       -0        -0        -0        -0        -0        -0        -0        -0        -0        -0  -1.41035  -2.94987  0.014972  0.689247  -1.22652 -0.163039  -0.77572  -1.61467  -1.13419  0.436068
         -0          -0          -0          -0          -0          -0          -0          -0          -0          -0    -1.25673    0.014972    -2.04122    0.469393    0.148029     -1.3438 -0.00434963    -1.95033   -0.380907   -0.539291
       -0        -0        -0        -0        -0        -0        -0        -0        -0        -0   -1.8057  0.689247  0.469393   0.60776  -2.76441  -1.23162  -2.93134 -0.518415  0.539882  -2.79376
       -0        -0        -0        -0        -0        -0        -0        -0        -0        -0  -2.11281  -1.22652  0.148029  -2.76441  -1.93785 -0.392358  -1.16796  -1.37908  0.634188  0.504732
       -0        -0        -0        -0        -0        -0        -0        -0        -0        -0  -2.19039 -0.163039   -1.3438  -1.23162 -0.392358  0.666563  0.583406  -0.88818  -1.77326  -2.70725
         -0          -0          -0          -0          -0          -0          -0          -0          -0          -0    -2.40073    -0.77572 -0.00434963    -2.93134    -1.16796    0.583406   0.0923622   -0.311562    0.206445    0.789642
       -0        -0        -0        -0        -0        -0        -0        -0        -0        -0  0.333556  -1.61467  -1.95033 -0.518415  -1.37908  -0.88818 -0.311562  0.242454  -1.09582 -0.402906
       -0        -0        -0        -0        -0        -0        -0        -0        -0        -0  -1.11632  -1.13419 -0.380907  0.539882  0.634188  -1.77326  0.206445  -1.09582 -0.163203   -2.4716
       -0        -0        -0        -0        -0        -0        -0        -0        -0        -0  -1.78941  0.436068 -0.539291  -2.79376  0.504732  -2.70725  0.789642 -0.402906   -2.4716  -2.71222
  1.12671   2.18588 -0.402916  0.010597   2.04336  0.673723    2.8526   2.57962   2.29022   1.74455        -0        -0        -0        -0        -0        -0        -0        -0        -0        -0
  2.18588   2.57984  0.294256  0.092079  0.263616   1.55738   1.69169   1.70763 -0.568479  0.394624        -0        -0        -0        -0        -0        -0        -0        -0        -0        -0
-0.402916  0.294256 0.0671918  0.453262  0.086823   2.29469 -0.639181   2.75693   1.31089   2.34039        -0        -0        -0        -0        -0        -0        -0        -0        -0        -0
 0.010597  0.092079  0.453262   2.33749   2.08657   1.74092  0.305862 -0.333556   1.58491   2.10537        -0        -0        -0        -0        -0        -0        -0        -0        -0        -0
  2.04336  0.263616  0.086823   2.08657  0.830408 -0.306248   1.02917  0.794198   2.17244   1.70049        -0        -0        -0        -0        -0        -0        -0        -0        -0        -0
 0.673723   1.55738   2.29469   1.74092 -0.306248  -0.61729   1.52994  0.587334   2.00465  0.369568        -0        -0        -0        -0        -0        -0        -0        -0        -0        -0
   2.8526   1.69169 -0.639181  0.305862   1.02917   1.52994 -0.584422  0.793224   1.96762  0.635308        -0        -0        -0        -0        -0        -0        -0        -0        -0        -0
  2.57962   1.70763   2.75693 -0.333556  0.794198  0.587334  0.793224  0.289789   2.47581   2.11606        -0        -0        -0        -0        -0        -0        -0        -0        -0        -0
  2.29022 -0.568479   1.31089   1.58491   2.17244   2.00465   1.96762   2.47581  0.542024    2.4422        -0        -0        -0        -0        -0        -0        -0        -0        -0        -0
 1.74455 0.394624  2.34039  2.10537  1.70049 0.369568 0.635308  2.11606   2.4422 0.299582       -0       -0       -0       -0       -0       -0       -0       -0       -0       -0
       -0        -0        -0        -0        -0        -0        -0        -0        -0        -0  -1.12671  -2.18588  0.402916 -0.010597  -2.04336 -0.673723   -2.8526  -2.57962  -2.29022  -1.74455
       -0        -0        -0        -0        -0        -0        -0        -0        -0        -0  -2.18588  -2.57984 -0.294256 -0.092079 -0.263616  -1.55738  -1.69169  -1.70763  0.568479 -0.394624
        -0         -0         -0         -0         -0         -0         -0         -0         -0         -0   0.402916  -0.294256 -0.0671918  -0.453262  -0.086823   -2.29469   0.639181   -2.75693   -1.31089   -2.34039
       -0        -0        -0        -0        -0        -0        -0        -0        -0        -0 -0.010597 -0.092079 -0.453262  -2.33749  -2.08657  -1.74092 -0.305862  0.333556  -1.58491  -2.10537
       -0        -0        -0        -0        -0        -0        -0        -0        -0        -0  -2.04336 -0.263616 -0.086823  -2.08657 -0.830408  0.306248  -1.02917 -0.794198  -2.17244  -1.70049
       -0        -0        -0        -0        -0        -0        -0        -0        -0        -0 -0.673723  -1.55738  -2.29469  -1.74092  0.306248   0.61729  -1.52994 -0.587334  -2.00465 -0.369568
       -0        -0        -0        -0        -0        -0        -0        -0        -0        -0   -2.8526  -1.69169  0.639181 -0.305862  -1.02917  -1.52994  0.584422 -0.793224  -1.96762 -0.635308
       -0        -0        -0        -0        -0        -0        -0        -0        -0        -0  -2.57962  -1.70763  -2.75693  0.333556 -0.794198 -0.587334 -0.793224 -0.289789  -2.47581  -2.11606
       -0        -0        -0        -0        -0        -0        -0        -0        -0        -0  -2.29022  0.568479  -1.31089  -1.58491  -2.17244  -2.00465  -1.96762  -2.47581 -0.542024   -2.4422
       -0        -0        -0        -0        -0        -0        -0        -0        -0        -0  -1.74455 -0.394624  -2.34039  -2.10537  -1.70049 -0.369568 -0.635308  -2.11606   -2.4422 -0.299582
 0.609374  0.235011 -0.417336  0.576015   1.94449 -0.649539 -0.709276   1.66706    2.3835   1.08794        -0        -0        -0        -0        -0        -0        -0        -0        -0        -0
  0.235011    1.38142    2.53575 -0.0868774    1.16143    1.34021    2.22336  -0.300813  -0.104159    2.55554         -0         -0         -0         -0         -0         -0         -0         -0         -0         -0
-0.417336   2.53575  0.487199   2.75666 -0.142744   1.72979   1.24222   1.58016  0.445656 -0.645087        -0        -0        -0        -0        -0        -0        -0        -0        -0        -0
  0.576015 -0.0868774    2.75666   0.583227  0.0874439    0.83766  -0.952618    2.52432    1.11329  -0.669843         -0         -0         -0         -0         -0         -0         -0         -0         -0         -0
  1.94449   1.16143 -0.142744 0.0874439  0.707335   1.26327 -0.193412  0.786631    1.7335   2.60292        -0        -0        -0        -0        -0        -0        -0        -0        -0        -0
-0.649539   1.34021   1.72979   0.83766   1.26327  0.370914  -0.47836 -0.712506   2.70892  0.161501        -0        -0        -0        -0        -0        -0        -0        -0        -0        -0
-0.709276   2.22336   1.24222 -0.952618 -0.193412  -0.47836   2.49231  0.347904   2.48421 -0.148204        -0        -0        -0        -0        -0        -0        -0        -0        -0        -0
  1.66706 -0.300813   1.58016   2.52432  0.786631 -0.712506  0.347904 -0.810535 -0.241154   2.09523        -0        -0        -0        -0        -0        -0        -0        -0        -0        -0
   2.3835 -0.104159  0.445656   1.11329    1.7335   2.70892   2.48421 -0.241154   2.26481  0.352725        -0        -0        -0        -0        -0        -0        -0        -0        -0        -0
  1.08794   2.55554 -0.645087 -0.669843   2.60292  0.161501 -0.148204   2.09523  0.352725   1.60649        -0        -0        -0        -0        -0        -0        -0        -0        -0        -0
       -0        -0        -0        -0        -0        -0        -0        -0        -0        -0 -0.609374 -0.235011  0.417336 -0.576015  -1.94449  0.649539  0.709276  -1.66706   -2.3835  -1.08794
       -0        -0        -0        -0        -0        -0        -0        -0        -0        -0 -0.235011  -1.38142  -2.53575 0.0868774  -1.16143  -1.34021  -2.22336  0.300813  0.104159  -2.55554
       -0        -0        -0        -0        -0        -0        -0        -0        -0        -0  0.417336  -2.53575 -0.487199  -2.75666  0.142744  -1.72979  -1.24222  -1.58016 -0.445656  0.645087
        -0         -0         -0         -0         -0         -0         -0         -0         -0         -0  -0.576015  0.0868774   -2.75666  -0.583227 -0.0874439   -0.83766   0.952618   -2.52432   -1.11329   0.669843
        -0         -0         -0         -0         -0         -0         -0         -0         -0         -0   -1.94449   -1.16143   0.142744 -0.0874439  -0.707335   -1.26327   0.193412  -0.786631    -1.7335   -2.60292
       -0        -0        -0        -0        -0        -0        -0        -0        -0        -0  0.649539  -1.34021  -1.72979  -0.83766  -1.26327 -0.370914   0.47836  0.712506  -2.70892 -0.161501
       -0        -0        -0        -0        -0        -0        -0        -0        -0        -0  0.709276  -2.22336  -1.24222  0.952618  0.193412   0.47836  -2.49231 -0.347904  -2.48421  0.148204
       -0        -0        -0        -0        -0        -0        -0        -0        -0        -0  -1.66706  0.300813  -1.58016  -2.52432 -0.786631  0.712506 -0.347904  0.810535  0.241154  -2.09523
       -0        -0        -0        -0        -0        -0        -0        -0        -0        -0   -2.3835  0.104159 -0.445656  -1.11329   -1.7335  -2.70892  -2.48421  0.241154  -2.26481 -0.352725
       -0        -0        -0        -0        -0        -0        -0        -0        -0        -0  -1.08794  -2.55554  0.645087  0.669843  -2.60292 -0.161501  0.148204  -2.09523 -0.352725  -1.60649
 2.51396  2.99745  2.39433 0.191563 0.587201 0.728779  1.89572  2.15269  2.31543  1.56771       -0       -0       -0       -0       -0       -0       -0       -0       -0       -0
  2.99745 -0.334722  0.403117   1.18449    1.7168   2.97228   1.19456    1.6575   2.64308 -0.195802        -0        -0        -0        -0        -0        -0        -0        -0        -0        -0
  2.39433  0.403117   2.97238   1.28325   2.53661 -0.315344   1.13148 -0.557537  0.554705   0.61558        -0        -0        -0        -0        -0        -0        -0        -0        -0        -0
 0.191563   1.18449   1.28325 -0.502757  0.410031  0.701161  0.178968    1.6893  -0.99991  -0.30081        -0        -0        -0        -0        -0        -0        -0        -0        -0        -0
 0.587201    1.7168   2.53661  0.410031 -0.840093   2.72152    1.6918 -0.932467  0.344246  0.983165        -0        -0        -0        -0        -0        -0        -0        -0        -0        -0
 0.728779   2.97228 -0.315344  0.701161   2.72152   1.41793   1.41009 -0.397629  0.276221 -0.692615        -0        -0        -0        -0        -0        -0        -0        -0        -0        -0
   1.89572    1.19456    1.13148   0.178968     1.6918    1.41009    2.00631 0.00447531    1.41802    2.10928         -0         -0         -0         -0         -0         -0         -0         -0         -0         -0
   2.15269     1.6575  -0.557537     1.6893  -0.932467  -0.397629 0.00447531  -0.966105    1.62071 -0.0105206         -0         -0         -0         -0         -0         -0         -0         -0         -0         -0
  2.31543   2.64308  0.554705  -0.99991  0.344246  0.276221   1.41802   1.62071  0.908477 -0.411256        -0        -0        -0        -0        -0        -0        -0        -0        -0        -0
   1.56771  -0.195802    0.61558   -0.30081   0.983165  -0.692615    2.10928 -0.0105206  -0.411256  -0.820421         -0         -0         -0         -0         -0         -0         -0         -0         -0         -0
       -0        -0        -0        -0        -0        -0        -0        -0        -0        -0  -2.51396  -2.99745  -2.39433 -0.191563 -0.587201 -0.728779  -1.89572  -2.15269  -2.31543  -1.56771
       -0        -0        -0        -0        -0        -0        -0        -0        -0        -0  -2.99745  0.334722 -0.403117  -1.18449   -1.7168  -2.97228  -1.19456   -1.6575  -2.64308  0.195802
       -0        -0        -0        -0        -0        -0        -0        -0        -0        -0  -2.39433 -0.403117  -2.97238  -1.28325  -2.53661  0.315344  -1.13148  0.557537 -0.554705  -0.61558
       -0        -0        -0        -0        -0        -0        -0        -0        -0        -0 -0.191563  -1.18449  -1.28325  0.502757 -0.410031 -0.701161 -0.178968   -1.6893   0.99991   0.30081
       -0        -0        -0        -0        -0        -0        -0        -0        -0        -0 -0.587201   -1.7168  -2.53661 -0.410031  0.840093  -2.72152   -1.6918  0.932467 -0.344246 -0.983165
       -0        -0        -0        -0        -0        -0        -0        -0        -0        -0 -0.728779  -2.97228  0.315344 -0.701161  -2.72152  -1.41793  -1.41009  0.397629 -0.276221  0.692615
         -0          -0          -0          -0          -0          -0          -0          -0          -0          -0    -1.89572    -1.19456    -1.13148   -0.178968     -1.6918    -1.41009    -2.00631 -0.00447531    -1.41802    -2.10928
         -0          -0          -0          -0          -0          -0          -0          -0          -0          -0    -2.15269     -1.6575    0.557537     -1.6893    0.932467    0.397629 -0.00447531    0.966105    -1.62071   0.0105206
       -0        -0        -0        -0        -0        -0        -0        -0        -0        -0  -2.31543  -2.64308 -0.554705   0.99991 -0.344246 -0.276221  -1.41802  -1.62071 -0.908477  0.411256
       -0        -0        -0        -0        -0        -0        -0        -0        -0        -0  -1.56771  0.195802  -0.61558   0.30081 -0.983165  0.692615  -2.10928 0.0105206  0.411256  0.820421
  1.71514 0.0176336 -0.906928   2.83808 -0.159112  0.407721 -0.879142   1.77122   1.79069 -0.923967        -0        -0        -0        -0        -0        -0        -0        -0        -0        -0
0.0176336   1.25394   2.85003 -0.750978  0.229786  0.791388   0.99801  0.710378  0.546487   2.19639        -0        -0        -0        -0        -0        -0        -0        -0        -0        -0
-0.906928   2.85003   1.56123   1.34621   1.77223  0.952219   1.29626 -0.314043   1.05942   2.40229        -0        -0        -0        -0        -0        -0        -0        -0        -0        -0
  2.83808 -0.750978   1.34621   1.67516   1.15825   2.96896   1.46707  0.543451  -0.25709   1.37229        -0        -0        -0        -0        -0        -0        -0        -0        -0        -0
-0.159112  0.229786   1.77223   1.15825   2.80212   2.50004 -0.326832   2.86863  0.515442  0.663464        -0        -0        -0        -0        -0        -0        -0        -0        -0        -0
 0.407721  0.791388  0.952219   2.96896   2.50004   1.50144  0.702886 -0.511918  0.559455 -0.924539        -0        -0        -0        -0        -0        -0        -0        -0        -0        -0
-0.879142   0.99801   1.29626   1.46707 -0.326832  0.702886   2.24402   1.56971   2.24435 -0.924824        -0        -0        -0        -0        -0        -0        -0        -0        -0        -0
   1.77122   0.710378  -0.314043   0.543451    2.86863  -0.511918    1.56971  -0.311499     1.0288 -0.0925175         -0         -0         -0         -0         -0         -0         -0         -0         -0         -0
 1.79069 0.546487  1.05942 -0.25709 0.515442 0.559455  2.24435   1.0288  2.07553   1.3284       -0       -0       -0       -0       -0       -0       -0       -0       -0       -0
 -0.923967    2.19639    2.40229    1.37229   0.663464  -0.924539  -0.924824 -0.0925175     1.3284 -0.0553336         -0         -0         -0         -0         -0         -0         -0         -0         -0         -0
        -0         -0         -0         -0         -0         -0         -0         -0         -0         -0   -1.71514 -0.0176336   0.906928   -2.83808   0.159112  -0.407721   0.879142   -1.77122   -1.79069   0.923967
        -0         -0         -0         -0         -0         -0         -0         -0         -0         -0 -0.0176336   -1.25394   -2.85003   0.750978  -0.229786  -0.791388   -0.99801  -0.710378  -0.546487   -2.19639
       -0        -0        -0        -0        -0        -0        -0        -0        -0        -0  0.906928  -2.85003  -1.56123  -1.34621  -1.77223 -0.952219  -1.29626  0.314043  -1.05942  -2.40229
       -0        -0        -0        -0        -0        -0        -0        -0        -0        -0  -2.83808  0.750978  -1.34621  -1.67516  -1.15825  -2.96896  -1.46707 -0.543451   0.25709  -1.37229
       -0        -0        -0        -0        -0        -0        -0        -0        -0        -0  0.159112 -0.229786  -1.77223  -1.15825  -2.80212  -2.50004  0.326832  -2.86863 -0.515442 -0.663464
       -0        -0        -0        -0        -0        -0        -0        -0        -0        -0 -0.407721 -0.791388 -0.952219  -2.96896  -2.50004  -1.50144 -0.702886  0.511918 -0.559455  0.924539
       -0        -0        -0        -0        -0        -0        -0        -0        -0        -0  0.879142  -0.99801  -1.29626  -1.46707  0.326832 -0.702886  -2.24402  -1.56971  -2.24435  0.924824
       -0        -0        -0        -0        -0        -0        -0        -0        -0        -0  -1.77122 -0.710378  0.314043 -0.543451  -2.86863  0.511918  -1.56971  0.311499   -1.0288 0.0925175
       -0        -0        -0        -0        -0        -0        -0        -0        -0        -0  -1.79069 -0.546487  -1.05942   0.25709 -0.515442 -0.559455  -2.24435   -1.0288  -2.07553   -1.3284
       -0        -0        -0        -0        -0        -0        -0        -0        -0        -0  0.923967  -2.19639  -2.40229  -1.37229 -0.663464  0.924539  0.924824 0.0925175   -1.3284 0.0553336
