20
1
20
  -0.35258  -0.111575   0.268135  -0.358586 -0.0507679  -0.134978  -0.209294  -0.266128  -0.114479   0.357811  -0.267922  -0.190665   -0.36743 -0.0421119   0.126919  -0.190898  0.0456923  -0.213541   0.202157 -0.0133889
-54.0476 -27.4448  -36.624 -29.4355  -26.803 -30.2503 -28.9319 -10.8372 -24.5731 -15.8037 -7.74713 -28.1036 -8.66759 -26.0461  -23.735 -42.0499  -34.912 -22.5426 -11.1251 -14.1411
-27.4448 -36.5767  -19.987 -14.3103 -14.2752 -12.4662 -21.6376 -2.28695  -17.636  -8.9737 -2.44282  -11.182 -2.36478 -12.1502 -14.3588 -32.1386 -17.5671 -19.4927 -12.7525 -2.10691
 -36.624  -19.987 -59.2379 -27.3615 -34.2603 -32.9659  -28.492 -11.4351 -36.5734 -30.2141 -29.1693  -19.364 -15.3901 -16.7916 -29.2284  -45.386  -18.763 -25.0483 -16.2434  -21.331
-29.4355 -14.3103 -27.3615 -47.4775  -27.339 -27.0713  -24.866 -23.1226 -29.3754 -21.1628 -14.4633 -23.4154 -23.7836 -17.0667 -20.2845 -27.5565 -20.4192 -13.7536 -12.5062 -26.3502
 -26.803 -14.2752 -34.2603  -27.339  -56.785 -38.5267 -28.4475 -18.3291 -31.1862 -27.5289 -33.1842 -19.1901 -15.8246 -26.5436 -26.7596 -46.7887 -17.1525 -23.9103 -29.4329 -27.4986
-30.2503 -12.4662 -32.9659 -27.0713 -38.5267 -63.7655 -19.1605 -25.6026 -33.7587 -25.3925  -25.734 -33.6018 -21.7823 -24.7845 -28.7551 -36.7383 -31.8588 -24.5576 -22.8822 -17.4799
-28.9319 -21.6376  -28.492  -24.866 -28.4475 -19.1605 -36.9747 -16.6564 -23.7349 -18.3881 -17.7779 -17.8178 -16.5758 -15.1131 -19.2587 -35.9072 -17.9408 -15.8055 -11.9853  -10.299
-10.8372 -2.28695 -11.4351 -23.1226 -18.3291 -25.6026 -16.6564 -42.6137 -16.1355  -19.121 -17.9392 -24.5096 -12.3531 -8.26097 -9.70489 -21.6777 -18.7794  -18.768 -9.77751 -15.7205
-24.5731  -17.636 -36.5734 -29.3754 -31.1862 -33.7587 -23.7349 -16.1355 -61.7572 -16.1967 -17.7076  -25.123 -27.0509 -25.2168 -28.9794 -29.4699 -26.3847 -19.5771 -37.3294 -22.1786
-15.8037  -8.9737 -30.2141 -21.1628 -27.5289 -25.3925 -18.3881  -19.121 -16.1967 -41.7655  -26.077 -8.63604 -12.3037 -8.87916 -20.4203 -37.1453 -10.9071 -26.6261 -14.1977 -21.5934
-7.74713 -2.44282 -29.1693 -14.4633 -33.1842  -25.734 -17.7779 -17.9392 -17.7076  -26.077 -45.8718 -13.4779 -9.63289 -8.42082 -25.7362 -31.1465  -7.9741 -13.9425 -12.8057  -17.621
-28.1036  -11.182  -19.364 -23.4154 -19.1901 -33.6018 -17.8178 -24.5096  -25.123 -8.63604 -13.4779 -51.1104 -7.58931 -12.8081  -10.053 -28.3679 -31.0701 -18.6106  -4.9268 -4.98346
-8.66759 -2.36478 -15.3901 -23.7836 -15.8246 -21.7823 -16.5758 -12.3531 -27.0509 -12.3037 -9.63289 -7.58931 -37.6595 -6.41239 -11.5362 -9.60303 -12.1278 -2.54288 -11.6945 -12.1288
-26.0461 -12.1502 -16.7916 -17.0667 -26.5436 -24.7845 -15.1131 -8.26097 -25.2168 -8.87916 -8.42082 -12.8081 -6.41239 -47.4006 -19.9441 -22.1962 -23.6725 -20.1126 -23.4196 -17.4201
 -23.735 -14.3588 -29.2284 -20.2845 -26.7596 -28.7551 -19.2587 -9.70489 -28.9794 -20.4203 -25.7362  -10.053 -11.5362 -19.9441 -37.2616 -28.3553 -20.0621  -12.651 -25.4332  -19.018
-42.0499 -32.1386  -45.386 -27.5565 -46.7887 -36.7383 -35.9072 -21.6777 -29.4699 -37.1453 -31.1465 -28.3679 -9.60303 -22.1962 -28.3553  -72.098 -31.6003 -42.9192 -25.4047 -21.9708
 -34.912 -17.5671  -18.763 -20.4192 -17.1525 -31.8588 -17.9408 -18.7794 -26.3847 -10.9071  -7.9741 -31.0701 -12.1278 -23.6725 -20.0621 -31.6003 -42.5211 -24.0486 -17.1933 -9.94805
-22.5426 -19.4927 -25.0483 -13.7536 -23.9103 -24.5576 -15.8055  -18.768 -19.5771 -26.6261 -13.9425 -18.6106 -2.54288 -20.1126  -12.651 -42.9192 -24.0486 -41.4911 -19.1362 -15.3782
-11.1251 -12.7525 -16.2434 -12.5062 -29.4329 -22.8822 -11.9853 -9.77751 -37.3294 -14.1977 -12.8057  -4.9268 -11.6945 -23.4196 -25.4332 -25.4047 -17.1933 -19.1362 -46.0404 -21.7202
-14.1411 -2.10691  -21.331 -26.3502 -27.4986 -17.4799  -10.299 -15.7205 -22.1786 -21.5934  -17.621 -4.98346 -12.1288 -17.4201  -19.018 -21.9708 -9.94805 -15.3782 -21.7202 -37.4005
-0.432686  -0.77848  0.508882  0.619783  0.669321 -0.541682  0.902497 -0.978703   2.49023   1.00843        -0        -0        -0        -0        -0        -0        -0        -0        -0        -0
  -0.77848     1.9588    2.69602  -0.838409 -0.0982812    1.02689  -0.716166  -0.150572    2.94355    1.65814         -0         -0         -0         -0         -0         -0         -0         -0         -0         -0
 0.508882   2.69602   1.92067  0.908093  0.836767 -0.123074  0.301676 -0.677778 0.0733021   2.38513        -0        -0        -0        -0        -0        -0        -0        -0        -0        -0
 0.619783 -0.838409  0.908093  0.146784   2.60045   2.37899   2.81059  0.858064 -0.632845   2.31011        -0        -0        -0        -0        -0        -0        -0        -0        -0        -0
  0.669321 -0.0982812   0.836767    2.60045  -0.385363    1.71477   0.430618  -0.550122    2.32254    1.46873         -0         -0         -0         -0         -0         -0         -0         -0         -0         -0
 -0.541682    1.02689  -0.123074    2.37899    1.71477  -0.929911   0.636741 -0.0631405    2.78807  -0.184255         -0         -0         -0         -0         -0         -0         -0         -0         -0         -0
 0.902497 -0.716166  0.301676   2.81059  0.430618  0.636741   1.74031   1.52841 -0.562757 -0.053149        -0        -0        -0        -0        -0        -0        -0        -0        -0        -0
 -0.978703  -0.150572  -0.677778   0.858064  -0.550122 -0.0631405    1.52841    1.30932  -0.131652   0.209033         -0         -0         -0         -0         -0         -0         -0         -0         -0         -0
  2.49023   2.94355 0.0733021 -0.632845   2.32254   2.78807 -0.562757 -0.131652  -0.24436  0.959078        -0        -0        -0        -0        -0        -0        -0        -0        -0        -0
  1.00843   1.65814   2.38513   2.31011   1.46873 -0.184255 -0.053149  0.209033  0.959078 -0.873043        -0        -0        -0        -0        -0        -0        -0        -0        -0        -0
       -0        -0        -0        -0        -0        -0        -0        -0        -0        -0  0.432686   0.77848 -0.508882 -0.619783 -0.669321  0.541682 -0.902497  0.978703  -2.49023  -1.00843
       -0        -0        -0        -0        -0        -0        -0        -0        -0        -0   0.77848   -1.9588  -2.69602  0.838409 0.0982812  -1.02689  0.716166  0.150572  -2.94355  -1.65814
        -0         -0         -0         -0         -0         -0         -0         -0         -0         -0  -0.508882   -2.69602   -1.92067  -0.908093  -0.836767   0.123074  -0.301676   0.677778 -0.0733021   -2.38513
       -0        -0        -0        -0        -0        -0        -0        -0        -0        -0 -0.619783  0.838409 -0.908093 -0.146784  -2.60045  -2.37899  -2.81059 -0.858064  0.632845  -2.31011
       -0        -0        -0        -0        -0        -0        -0        -0        -0        -0 -0.669321 0.0982812 -0.836767  -2.60045  0.385363  -1.71477 -0.430618  0.550122  -2.32254  -1.46873
       -0        -0        -0        -0        -0        -0        -0        -0        -0        -0  0.541682  -1.02689  0.123074  -2.37899  -1.71477  0.929911 -0.636741 0.0631405  -2.78807  0.184255
       -0        -0        -0        -0        -0        -0        -0        -0        -0        -0 -0.902497  0.716166 -0.301676  -2.81059 -0.430618 -0.636741  -1.74031  -1.52841  0.562757  0.053149
       -0        -0        -0        -0        -0        -0        -0        -0        -0        -0  0.978703  0.150572  0.677778 -0.858064  0.550122 0.0631405  -1.52841  -1.30932  0.131652 -0.209033
        -0         -0         -0         -0         -0         -0         -0         -0         -0         -0   -2.49023   -2.94355 -0.0733021   0.632845   -2.32254   -2.78807   0.562757   0.131652    0.24436  -0.959078
       -0        -0        -0        -0        -0        -0        -0        -0        -0        -0  -1.00843  -1.65814  -2.38513  -2.31011  -1.46873  0.184255  0.053149 -0.209033 -0.959078  0.873043
 -0.370464   0.413269     2.1315    2.90064    1.20995    1.68189    2.15981 -0.0873276     2.2531  -0.588736         -0         -0         -0         -0         -0         -0         -0         -0         -0         -0
 0.413269   2.22581   2.51673  0.995717   1.89039 -0.980642   2.69348  0.882868   0.61987   2.50638        -0        -0        -0        -0        -0        -0        -0        -0        -0        -0
  2.1315  2.51673  0.68842  2.27183 0.264684 0.192312  2.88935 0.909421  2.94222  2.95087       -0       -0       -0       -0       -0       -0       -0       -0       -0       -0
  2.90064  0.995717   2.27183 -0.122971   2.52735 -0.629694   1.43164   1.17736 -0.554591 -0.699384        -0        -0        -0        -0        -0        -0        -0        -0        -0        -0
  1.20995   1.89039  0.264684   2.52735   0.37696   1.53599 -0.429494  0.410218  0.990176  0.938024        -0        -0        -0        -0        -0        -0        -0        -0        -0        -0
  1.68189 -0.980642  0.192312 -0.629694   1.53599 -0.980853   1.83683   2.28638   1.47821 -0.478629        -0        -0        -0        -0        -0        -0        -0        -0        -0        -0
  2.15981   2.69348   2.88935   1.43164 -0.429494   1.83683  0.541911   2.03501 -0.535444   2.13744        -0        -0        -0        -0        -0        -0        -0        -0        -0        -0
-0.0873276   0.882868   0.909421    1.17736   0.410218    2.28638    2.03501   0.577512    1.51763    2.47993         -0         -0         -0         -0         -0         -0         -0         -0         -0         -0
   2.2531   0.61987   2.94222 -0.554591  0.990176   1.47821 -0.535444   1.51763 -0.653432   2.39517        -0        -0        -0        -0        -0        -0        -0        -0        -0        -0
-0.588736   2.50638   2.95087 -0.699384  0.938024 -0.478629   2.13744   2.47993   2.39517   1.81037        -0        -0        -0        -0        -0        -0        -0        -0        -0        -0
       -0        -0        -0        -0        -0        -0        -0        -0        -0        -0  0.370464 -0.413269   -2.1315  -2.90064  -1.20995  -1.68189  -2.15981 0.0873276   -2.2531  0.588736
       -0        -0        -0        -0        -0        -0        -0        -0        -0        -0 -0.413269  -2.22581  -2.51673 -0.995717  -1.89039  0.980642  -2.69348 -0.882868  -0.61987  -2.50638
       -0        -0        -0        -0        -0        -0        -0        -0        -0        -0   -2.1315  -2.51673  -0.68842  -2.27183 -0.264684 -0.192312  -2.88935 -0.909421  -2.94222  -2.95087
       -0        -0        -0        -0        -0        -0        -0        -0        -0        -0  -2.90064 -0.995717  -2.27183  0.122971  -2.52735  0.629694  -1.43164  -1.17736  0.554591  0.699384
       -0        -0        -0        -0        -0        -0        -0        -0        -0        -0  -1.20995  -1.89039 -0.264684  -2.52735  -0.37696  -1.53599  0.429494 -0.410218 -0.990176 -0.938024
       -0        -0        -0        -0        -0        -0        -0        -0        -0        -0  -1.68189  0.980642 -0.192312  0.629694  -1.53599  0.980853  -1.83683  -2.28638  -1.47821  0.478629
       -0        -0        -0        -0        -0        -0        -0        -0        -0        -0  -2.15981  -2.69348  -2.88935  -1.43164  0.429494  -1.83683 -0.541911  -2.03501  0.535444  -2.13744
       -0        -0        -0        -0        -0        -0        -0        -0        -0        -0 0.0873276 -0.882868 -0.909421  -1.17736 -0.410218  -2.28638  -2.03501 -0.577512  -1.51763  -2.47993
       -0        -0        -0        -0        -0        -0        -0        -0        -0        -0   -2.2531  -0.61987  -2.94222  0.554591 -0.990176  -1.47821  0.535444  -1.51763  0.653432  -2.39517
       -0        -0        -0        -0        -0        -0        -0        -0        -0        -0  0.588736  -2.50638  -2.95087  0.699384 -0.938024  0.478629  -2.13744  -2.47993  -2.39517  -1.81037
  1.49897  0.443065 -0.898586   2.42012   1.36927   2.18396 -0.248523 -0.473116 -0.418143 -0.789997        -0        -0        -0        -0        -0        -0        -0        -0        -0        -0
 0.443065   1.93406   0.17169   2.63336  0.725127  -0.84327 -0.701026   2.47017   2.06546   2.52519        -0        -0        -0        -0        -0        -0        -0        -0        -0        -0
-0.898586   0.17169   2.71644  -0.72334 -0.168178    1.7968  0.322632  0.797184  0.782044 -0.174398        -0        -0        -0        -0        -0        -0        -0        -0        -0        -0
  2.42012   2.63336  -0.72334 -0.886652   1.62189    1.9004 0.0281376  0.358707   2.37866  0.532635        -0        -0        -0        -0        -0        -0        -0        -0        -0        -0
  1.36927  0.725127 -0.168178   1.62189   2.11041 -0.790991 -0.587677   1.09206  0.965867 -0.446673        -0        -0        -0        -0        -0        -0        -0        -0        -0        -0
   2.18396   -0.84327     1.7968     1.9004  -0.790991  -0.730891   0.364382 -0.0924035   0.991053   0.237924         -0         -0         -0         -0         -0         -0         -0         -0         -0         -0
-0.248523 -0.701026  0.322632 0.0281376 -0.587677  0.364382      2.79  0.569998   2.64777   1.89702        -0        -0        -0        -0        -0        -0        -0        -0        -0        -0
 -0.473116    2.47017   0.797184   0.358707    1.09206 -0.0924035   0.569998    1.95674    1.52074  -0.656677         -0         -0         -0         -0         -0         -0         -0         -0         -0         -0
-0.418143   2.06546  0.782044   2.37866  0.965867  0.991053   2.64777   1.52074   1.77371   2.86705        -0        -0        -0        -0        -0        -0        -0        -0        -0        -0
-0.789997   2.52519 -0.174398  0.532635 -0.446673  0.237924   1.89702 -0.656677   2.86705   2.99792        -0        -0        -0        -0        -0        -0        -0        -0        -0        -0
       -0        -0        -0        -0        -0        -0        -0        -0        -0        -0  -1.49897 -0.443065  0.898586  -2.42012  -1.36927  -2.18396  0.248523  0.473116  0.418143  0.789997
       -0        -0        -0        -0        -0        -0        -0        -0        -0        -0 -0.443065  -1.93406  -0.17169  -2.63336 -0.725127   0.84327  0.701026  -2.47017  -2.06546  -2.52519
       -0        -0        -0        -0        -0        -0        -0        -0        -0        -0  0.898586  -0.17169  -2.71644   0.72334  0.168178   -1.7968 -0.322632 -0.797184 -0.782044  0.174398
        -0         -0         -0         -0         -0         -0         -0         -0         -0         -0   -2.42012   -2.63336    0.72334   0.886652   -1.62189    -1.9004 -0.0281376  -0.358707   -2.37866  -0.532635
       -0        -0        -0        -0        -0        -0        -0        -0        -0        -0  -1.36927 -0.725127  0.168178  -1.62189  -2.11041  0.790991  0.587677  -1.09206 -0.965867  0.446673
       -0        -0        -0        -0        -0        -0        -0        -0        -0        -0  -2.18396   0.84327   -1.7968   -1.9004  0.790991  0.730891 -0.364382 0.0924035 -0.991053 -0.237924
        -0         -0         -0         -0         -0         -0         -0         -0         -0         -0   0.248523   0.701026  -0.322632 -0.0281376   0.587677  -0.364382      -2.79  -0.569998   -2.64777   -1.89702
       -0        -0        -0        -0        -0        -0        -0        -0        -0        -0  0.473116  -2.47017 -0.797184 -0.358707  -1.09206 0.0924035 -0.569998  -1.95674  -1.52074  0.656677
       -0        -0        -0        -0        -0        -0        -0        -0        -0        -0  0.418143  -2.06546 -0.782044  -2.37866 -0.965867 -0.991053  -2.64777  -1.52074  -1.77371  -2.86705
       -0        -0        -0        -0        -0        -0        -0        -0        -0        -0  0.789997  -2.52519  0.174398 -0.532635  0.446673 -0.237924  -1.89702  0.656677  -2.86705  -2.99792
  -0.58462 -0.0520504    -0.3482     2.1913  -0.333637    2.94532   0.864634    1.38031     1.4829    1.70535         -0         -0         -0         -0         -0         -0         -0         -0         -0         -0
  -0.0520504    0.0987444      1.76373    -0.668023 -0.000475114      2.08954      1.76498      2.66273      1.74639     0.769136           -0           -0           -0           -0           -0           -0           -0           -0           -0           -0
  -0.3482   1.76373   2.01995    1.9763   0.83516 -0.916064   1.78712   1.62098 -0.944697  0.285802        -0        -0        -0        -0        -0        -0        -0        -0        -0        -0
   2.1913 -0.668023    1.9763   1.65938   1.73349   1.96527 -0.159063 -0.784532   1.56684  0.492471        -0        -0        -0        -0        -0        -0        -0        -0        -0        -0
   -0.333637 -0.000475114      0.83516      1.73349      2.72952    -0.433063     0.424365      1.39622     0.711658      1.61007           -0           -0           -0           -0           -0           -0           -0           -0           -0           -0
  2.94532   2.08954 -0.916064   1.96527 -0.433063 -0.619699  0.331663    1.3505  -0.37776   1.71017        -0        -0        -0        -0        -0        -0        -0        -0        -0        -0
 0.864634   1.76498   1.78712 -0.159063  0.424365  0.331663  0.569876   1.52803   1.94714   1.82413        -0        -0        -0        -0        -0        -0        -0        -0        -0        -0
  1.38031   2.66273   1.62098 -0.784532   1.39622    1.3505   1.52803  0.162695 -0.749795 -0.820051        -0        -0        -0        -0        -0        -0        -0        -0        -0        -0
   1.4829   1.74639 -0.944697   1.56684  0.711658  -0.37776   1.94714 -0.749795    2.9045 -0.645941        -0        -0        -0        -0        -0        -0        -0        -0        -0        -0
  1.70535  0.769136  0.285802  0.492471   1.61007   1.71017   1.82413 -0.820051 -0.645941  0.820499        -0        -0        -0        -0        -0        -0        -0        -0        -0        -0
       -0        -0        -0        -0        -0        -0        -0        -0        -0        -0   0.58462 0.0520504    0.3482   -2.1913  0.333637  -2.94532 -0.864634  -1.38031   -1.4829  -1.70535
         -0          -0          -0          -0          -0          -0          -0          -0          -0          -0   0.0520504  -0.0987444    -1.76373    0.668023 0.000475114    -2.08954    -1.76498    -2.66273    -1.74639   -0.769136
       -0        -0        -0        -0        -0        -0        -0        -0        -0        -0    0.3482  -1.76373  -2.01995   -1.9763  -0.83516  0.916064  -1.78712  -1.62098  0.944697 -0.285802
       -0        -0        -0        -0        -0        -0        -0        -0        -0        -0   -2.1913  0.668023   -1.9763  -1.65938  -1.73349  -1.96527  0.159063  0.784532  -1.56684 -0.492471
         -0          -0          -0          -0          -0          -0          -0          -0          -0          -0    0.333637 0.000475114    -0.83516    -1.73349    -2.72952    0.433063   -0.424365    -1.39622   -0.711658    -1.61007
       -0        -0        -0        -0        -0        -0        -0        -0        -0        -0  -2.94532  -2.08954  0.916064  -1.96527  0.433063  0.619699 -0.331663   -1.3505   0.37776  -1.71017
       -0        -0        -0        -0        -0        -0        -0        -0        -0        -0 -0.864634  -1.76498  -1.78712  0.159063 -0.424365 -0.331663 -0.569876  -1.52803  -1.94714  -1.82413
       -0        -0        -0        -0        -0        -0        -0        -0        -0        -0  -1.38031  -2.66273  -1.62098  0.784532  -1.39622   -1.3505  -1.52803 -0.162695  0.749795  0.820051
       -0        -0        -0        -0        -0        -0        -0        -0        -0        -0   -1.4829  -1.74639  0.944697  -1.56684 -0.711658   0.37776  -1.94714  0.749795   -2.9045  0.645941
       -0        -0        -0        -0        -0        -0        -0        -0        -0        -0  -1.70535 -0.769136 -0.285802 -0.492471  -1.61007  -1.71017  -1.82413  0.820051  0.645941 -0.820499
 0.801401   1.44364   2.55983   2.12463   1.15542   1.16137 -0.943499  0.310815  0.651035  0.457026        -0        -0        -0        -0        -0        -0        -0        -0        -0        -0
   1.44364    2.52504 -0.0124682   0.386238   0.515569     2.7452    1.68621    2.87767    1.19386     1.2362         -0         -0         -0         -0         -0         -0         -0         -0         -0         -0
   2.55983 -0.0124682  -0.205183    1.64423  0.0544811    2.77743    2.33215  -0.117704   0.442225    0.93368         -0         -0         -0         -0         -0         -0         -0         -0         -0         -0
  2.12463  0.386238   1.64423 -0.392138   1.47574   1.95618   1.70073    1.3653  0.428468 -0.210824        -0        -0        -0        -0        -0        -0        -0        -0        -0        -0
   1.15542   0.515569  0.0544811    1.47574  -0.985492  -0.409162    2.29407    1.35342   0.150042 -0.0630662         -0         -0         -0         -0         -0         -0         -0         -0         -0         -0
  1.16137    2.7452   2.77743   1.95618 -0.409162   1.25744  0.140765 -0.103197   1.03306  0.227748        -0        -0        -0        -0        -0        -0        -0        -0        -0        -0
-0.943499   1.68621   2.33215   1.70073   2.29407  0.140765 -0.705206  0.511653    2.6859   0.92994        -0        -0        -0        -0        -0        -0        -0        -0        -0        -0
 0.310815   2.87767 -0.117704    1.3653   1.35342 -0.103197  0.511653   1.86113   2.51112  0.231728        -0        -0        -0        -0        -0        -0        -0        -0        -0        -0
  0.651035    1.19386   0.442225   0.428468   0.150042    1.03306     2.6859    2.51112     1.1797 0.00912047         -0         -0         -0         -0         -0         -0         -0         -0         -0         -0
  0.457026     1.2362    0.93368  -0.210824 -0.0630662   0.227748    0.92994   0.231728 0.00912047    2.65219         -0         -0         -0         -0         -0         -0         -0         -0         -0         -0
       -0        -0        -0        -0        -0        -0        -0        -0        -0        -0 -0.801401  -1.44364  -2.55983  -2.12463  -1.15542  -1.16137  0.943499 -0.310815 -0.651035 -0.457026
       -0        -0        -0        -0        -0        -0        -0        -0        -0        -0  -1.44364  -2.52504 0.0124682 -0.386238 -0.515569   -2.7452  -1.68621  -2.87767  -1.19386   -1.2362
        -0         -0         -0         -0         -0         -0         -0         -0         -0         -0   -2.55983  0.0124682   0.205183   -1.64423 -0.0544811   -2.77743   -2.33215   0.117704  -0.442225   -0.93368
       -0        -0        -0        -0        -0        -0        -0        -0        -0        -0  -2.12463 -0.386238  -1.64423  0.392138  -1.47574  -1.95618  -1.70073   -1.3653 -0.428468  0.210824
        -0         -0         -0         -0         -0         -0         -0         -0         -0         -0   -1.15542  -0.515569 -0.0544811   -1.47574   0.985492   0.409162   -2.29407   -1.35342  -0.150042  0.0630662
       -0        -0        -0        -0        -0        -0        -0        -0        -0        -0  -1.16137   -2.7452  -2.77743  -1.95618  0.409162  -1.25744 -0.140765  0.103197  -1.03306 -0.227748
       -0        -0        -0        -0        -0        -0        -0        -0        -0        -0  0.943499  -1.68621  -2.33215  -1.70073  -2.29407 -0.140765  0.705206 -0.511653   -2.6859  -0.92994
       -0        -0        -0        -0        -0        -0        -0        -0        -0        -0 -0.310815  -2.87767  0.117704   -1.3653  -1.35342  0.103197 -0.511653  -1.86113  -2.51112 -0.231728
         -0          -0          -0          -0          -0          -0          -0          -0          -0          -0   -0.651035    -1.19386   -0.442225   -0.428468   -0.150042    -1.03306     -2.6859    -2.51112     -1.1797 -0.00912047
         -0          -0          -0          -0          -0          -0          -0          -0          -0          -0   -0.457026     -1.2362    -0.93368    0.210824   0.0630662   -0.227748    -0.92994   -0.231728 -0.00912047    -2.65219
-0.401545   2.89391   1.75729 0.0933942 -0.179431   1.27803  0.274984   2.59218   2.60158    1.5638        -0        -0        -0        -0        -0        -0        -0        -0        -0        -0
   2.89391    1.39545    1.72209    1.55222  -0.976198    2.73744   0.211417    1.55522 -0.0234349    2.47704         -0         -0         -0         -0         -0         -0         -0         -0         -0         -0
  1.75729   1.72209    2.7851  0.247779  0.646408   2.16556   2.29116 -0.390529    2.4265    1.7734        -0        -0        -0        -0        -0        -0        -0        -0        -0        -0
0.0933942   1.55222  0.247779 -0.376739  0.424471   1.06313   1.52276  0.238587   1.76714   0.85496        -0        -0        -0        -0        -0        -0        -0        -0        -0        -0
-0.179431 -0.976198  0.646408  0.424471  0.359934 -0.571583  0.834678   2.97969    2.0397  0.999804        -0        -0        -0        -0        -0        -0        -0        -0        -0        -0
  1.27803   2.73744   2.16556   1.06313 -0.571583   1.67682   2.32413  0.969405   2.85492 -0.391922        -0        -0        -0        -0        -0        -0        -0        -0        -0        -0
 0.274984  0.211417   2.29116   1.52276  0.834678   2.32413 -0.544226   1.70891   0.44396  0.179087        -0        -0        -0        -0        -0        -0        -0        -0        -0        -0
  2.59218   1.55522 -0.390529  0.238587   2.97969  0.969405   1.70891   2.15811  0.824869   1.45558        -0        -0        -0        -0        -0        -0        -0        -0        -0        -0
   2.60158 -0.0234349     2.4265    1.76714     2.0397    2.85492    0.44396   0.824869    1.20206 -0.0507017         -0         -0         -0         -0         -0         -0         -0         -0         -0         -0
    1.5638    2.47704     1.7734    0.85496   0.999804  -0.391922   0.179087    1.45558 -0.0507017    1.91374         -0         -0         -0         -0         -0         -0         -0         -0         -0         -0
        -0         -0         -0         -0         -0         -0         -0         -0         -0         -0   0.401545   -2.89391   -1.75729 -0.0933942   0.179431   -1.27803  -0.274984   -2.59218   -2.60158    -1.5638
       -0        -0        -0        -0        -0        -0        -0        -0        -0        -0  -2.89391  -1.39545  -1.72209  -1.55222  0.976198  -2.73744 -0.211417  -1.55522 0.0234349  -2.47704
       -0        -0        -0        -0        -0        -0        -0        -0        -0        -0  -1.75729  -1.72209   -2.7851 -0.247779 -0.646408  -2.16556  -2.29116  0.390529   -2.4265   -1.7734
        -0         -0         -0         -0         -0         -0         -0         -0         -0         -0 -0.0933942   -1.55222  -0.247779   0.376739  -0.424471   -1.06313   -1.52276  -0.238587   -1.76714   -0.85496
       -0        -0        -0        -0        -0        -0        -0        -0        -0        -0  0.179431  0.976198 -0.646408 -0.424471 -0.359934  0.571583 -0.834678  -2.97969   -2.0397 -0.999804
       -0        -0        -0        -0        -0        -0        -0        -0        -0        -0  -1.27803  -2.73744  -2.16556  -1.06313  0.571583  -1.67682  -2.32413 -0.969405  -2.85492  0.391922
       -0        -0        -0        -0        -0        -0        -0        -0        -0        -0 -0.274984 -0.211417  -2.29116  -1.52276 -0.834678  -2.32413  0.544226  -1.70891  -0.44396 -0.179087
       -0        -0        -0        -0        -0        -0        -0        -0        -0        -0  -2.59218  -1.55522  0.390529 -0.238587  -2.97969 -0.969405  -1.70891  -2.15811 -0.824869  -1.45558
       -0        -0        -0        -0        -0        -0        -0        -0        -0        -0  -2.60158 0.0234349   -2.4265  -1.76714   -2.0397  -2.85492  -0.44396 -0.824869  -1.20206 0.0507017
       -0        -0        -0        -0        -0        -0        -0        -0        -0        -0   -1.5638  -2.47704   -1.7734  -0.85496 -0.999804  0.391922 -0.179087  -1.45558 0.0507017  -1.91374
  2.04125 -0.821963  0.981416   1.67138   1.22468   1.02626 -0.789699   2.67086   1.33826   1.78255        -0        -0        -0        -0        -0        -0        -0        -0        -0        -0
-0.821963 -0.791666 -0.276406 -0.364815  0.300748    2.7804   2.74579 -0.051091  0.417448   2.67749        -0        -0        -0        -0        -0        -0        -0        -0        -0        -0
 0.981416 -0.276406  0.138556   1.85367   1.40408   1.73821 -0.467703   1.12116 0.0338659   2.21345        -0        -0        -0        -0        -0        -0        -0        -0        -0        -0
  1.67138 -0.364815   1.85367 -0.859662   2.51991   2.16481   2.06397   1.07493 0.0764782   2.31485        -0        -0        -0        -0        -0        -0        -0        -0        -0        -0
   1.22468   0.300748    1.40408    2.51991 -0.0947137  -0.464785    2.88613  -0.531184  -0.417738    1.74146         -0         -0         -0         -0         -0         -0         -0         -0         -0         -0
  1.02626    2.7804   1.73821   2.16481 -0.464785  0.316768   -0.1818   2.02645  0.569081   2.09957        -0        -0        -0        -0        -0        -0        -0        -0        -0        -0
-0.789699   2.74579 -0.467703   2.06397   2.88613   -0.1818    2.6977   2.45448   1.39325 -0.866954        -0        -0        -0        -0        -0        -0        -0        -0        -0        -0
  2.67086 -0.051091   1.12116   1.07493 -0.531184   2.02645   2.45448 -0.676355   1.88544   1.43916        -0        -0        -0        -0        -0        -0        -0        -0        -0        -0
  1.33826  0.417448 0.0338659 0.0764782 -0.417738  0.569081   1.39325   1.88544   2.46719 -0.425312        -0        -0        -0        -0        -0        -0        -0        -0        -0        -0
  1.78255   2.67749   2.21345   2.31485   1.74146   2.09957 -0.866954   1.43916 -0.425312   1.85727        -0        -0        -0        -0        -0        -0        -0        -0        -0        -0
       -0        -0        -0        -0        -0        -0        -0        -0        -0        -0  -2.04125  0.821963 -0.981416  -1.67138  -1.22468  -1.02626  0.789699  -2.67086  -1.33826  -1.78255
       -0        -0        -0        -0        -0        -0        -0        -0        -0        -0  0.821963  0.791666  0.276406  0.364815 -0.300748   -2.7804  -2.74579  0.051091 -0.417448  -2.67749
        -0         -0         -0         -0         -0         -0         -0         -0         -0         -0  -0.981416   0.276406  -0.138556   -1.85367   -1.40408   -1.73821   0.467703   -1.12116 -0.0338659   -2.21345
        -0         -0         -0         -0         -0         -0         -0         -0         -0         -0   -1.67138   0.364815   -1.85367   0.859662   -2.51991   -2.16481   -2.06397   -1.07493 -0.0764782   -2.31485
       -0        -0        -0        -0        -0        -0        -0        -0        -0        -0  -1.22468 -0.300748  -1.40408  -2.51991 0.0947137  0.464785  -2.88613  0.531184  0.417738  -1.74146
       -0        -0        -0        -0        -0        -0        -0        -0        -0        -0  -1.02626   -2.7804  -1.73821  -2.16481  0.464785 -0.316768    0.1818  -2.02645 -0.569081  -2.09957
      -0       -0       -0       -0       -0       -0       -0       -0       -0       -0 0.789699 -2.74579 0.467703 -2.06397 -2.88613   0.1818  -2.6977 -2.45448 -1.39325 0.866954
      -0       -0       -0       -0       -0       -0       -0       -0       -0       -0 -2.67086 0.051091 -1.12116 -1.07493 0.531184 -2.02645 -2.45448 0.676355 -1.88544 -1.43916
        -0         -0         -0         -0         -0         -0         -0         -0         -0         -0   -1.33826  -0.417448 -0.0338659 -0.0764782   0.417738  -0.569081   -1.39325   -1.88544   -2.46719   0.425312
      -0       -0       -0       -0       -0       -0       -0       -0       -0       -0 -1.78255 -2.67749 -2.21345 -2.31485 -1.74146 -2.09957 0.866954 -1.43916 0.425312 -1.85727
 2.25958  2.02843 0.874287 0.771235  1.80256  1.92366  2.71929  2.31307  2.12877  1.32256       -0       -0       -0       -0       -0       -0       -0       -0       -0       -0
  2.02843   1.93691   2.46607  0.216258 -0.868586  0.682261  0.432189   1.79391    1.2317 0.0391834        -0        -0        -0        -0        -0        -0        -0        -0        -0        -0
  0.874287    2.46607  -0.223942 0.00753783   0.387959   0.966071    1.39017   0.289241    2.59261    1.93497         -0         -0         -0         -0         -0         -0         -0         -0         -0         -0
  0.771235   0.216258 0.00753783   0.577415  -0.981613    2.69971  -0.273174  -0.298972  0.0948434  -0.287268         -0         -0         -0         -0         -0         -0         -0         -0         -0         -0
  1.80256 -0.868586  0.387959 -0.981613 -0.806289   1.76999    2.0096    1.8123  0.931413   0.76601        -0        -0        -0        -0        -0        -0        -0        -0        -0        -0
   1.92366   0.682261   0.966071    2.69971    1.76999  -0.253011 -0.0128304   0.482952     1.3626   0.944578         -0         -0         -0         -0         -0         -0         -0         -0         -0         -0
   2.71929   0.432189    1.39017  -0.273174     2.0096 -0.0128304  -0.945156    1.10237   0.841832   0.699902         -0         -0         -0         -0         -0         -0         -0         -0         -0         -0
  2.31307   1.79391  0.289241 -0.298972    1.8123  0.482952   1.10237 -0.371225  0.148646  0.820854        -0        -0        -0        -0        -0        -0        -0        -0        -0        -0
  2.12877    1.2317   2.59261 0.0948434  0.931413    1.3626  0.841832  0.148646  0.319895   1.80659        -0        -0        -0        -0        -0        -0        -0        -0        -0        -0
  1.32256 0.0391834   1.93497 -0.287268   0.76601  0.944578  0.699902  0.820854   1.80659  0.691255        -0        -0        -0        -0        -0        -0        -0        -0        -0        -0
       -0        -0        -0        -0        -0        -0        -0        -0        -0        -0  -2.25958  -2.02843 -0.874287 -0.771235  -1.80256  -1.92366  -2.71929  -2.31307  -2.12877  -1.32256
        -0         -0         -0         -0         -0         -0         -0         -0         -0         -0   -2.02843   -1.93691   -2.46607  -0.216258   0.868586  -0.682261  -0.432189   -1.79391    -1.2317 -0.0391834
         -0          -0          -0          -0          -0          -0          -0          -0          -0          -0   -0.874287    -2.46607    0.223942 -0.00753783   -0.387959   -0.966071    -1.39017   -0.289241    -2.59261    -1.93497
         -0          -0          -0          -0          -0          -0          -0          -0          -0          -0   -0.771235   -0.216258 -0.00753783   -0.577415    0.981613    -2.69971    0.273174    0.298972  -0.0948434    0.287268
       -0        -0        -0        -0        -0        -0        -0        -0        -0        -0  -1.80256  0.868586 -0.387959  0.981613  0.806289  -1.76999   -2.0096   -1.8123 -0.931413  -0.76601
       -0        -0        -0        -0        -0        -0        -0        -0        -0        -0  -1.92366 -0.682261 -0.966071  -2.69971  -1.76999  0.253011 0.0128304 -0.482952   -1.3626 -0.944578
       -0        -0        -0        -0        -0        -0        -0        -0        -0        -0  -2.71929 -0.432189  -1.39017  0.273174   -2.0096 0.0128304  0.945156  -1.10237 -0.841832 -0.699902
       -0        -0        -0        -0        -0        -0        -0        -0        -0        -0  -2.31307  -1.79391 -0.289241  0.298972   -1.8123 -0.482952  -1.10237  0.371225 -0.148646 -0.820854
        -0         -0         -0         -0         -0         -0         -0         -0         -0         -0   -2.12877    -1.2317   -2.59261 -0.0948434  -0.931413    -1.3626  -0.841832  -0.148646  -0.319895   -1.80659
        -0         -0         -0         -0         -0         -0         -0         -0         -0         -0   -1.32256 -0.0391834   -1.93497   0.287268   -0.76601  -0.944578  -0.699902  -0.820854   -1.80659  -0.691255
  1.97868   1.83341   2.49448 -0.202877 -0.209054  0.200577   2.18117 -0.955482  0.273298  0.726784        -0        -0        -0        -0        -0        -0        -0        -0        -0        -0
  1.83341   2.05502 -0.306766  0.713234   2.87745  0.197061  0.676454 -0.786114 -0.879966   0.02431        -0        -0        -0        -0        -0        -0        -0        -0        -0        -0
  2.49448 -0.306766   2.14769  0.300289   2.56103 -0.632504  0.709753  0.523928   1.21607  0.970041        -0        -0        -0        -0        -0        -0        -0        -0        -0        -0
-0.202877  0.713234  0.300289  0.282293 -0.918439 -0.651734 -0.518537   2.60554  0.640794   2.43654        -0        -0        -0        -0        -0        -0        -0        -0        -0        -0
-0.209054   2.87745   2.56103 -0.918439   1.30346   2.62652   1.95875 -0.704553   -0.5317  0.505773        -0        -0        -0        -0        -0        -0        -0        -0        -0        -0
  0.200577   0.197061  -0.632504  -0.651734    2.62652   0.773462    2.69091    2.82739   0.842588 -0.0712129         -0         -0         -0         -0         -0         -0         -0         -0         -0         -0
  2.18117  0.676454  0.709753 -0.518537   1.95875   2.69091 -0.397558   2.31643   2.41426   2.12745        -0        -0        -0        -0        -0        -0        -0        -0        -0        -0
-0.955482 -0.786114  0.523928   2.60554 -0.704553   2.82739   2.31643  0.599035  0.730265   1.10821        -0        -0        -0        -0        -0        -0        -0        -0        -0        -0
 0.273298 -0.879966   1.21607  0.640794   -0.5317  0.842588   2.41426  0.730265  0.843136 -0.532703        -0        -0        -0        -0        -0        -0        -0        -0        -0        -0
  0.726784    0.02431   0.970041    2.43654   0.505773 -0.0712129    2.12745    1.10821  -0.532703    1.55039         -0         -0         -0         -0         -0         -0         -0         -0         -0         -0
       -0        -0        -0        -0        -0        -0        -0        -0        -0        -0  -1.97868  -1.83341  -2.49448  0.202877  0.209054 -0.200577  -2.18117  0.955482 -0.273298 -0.726784
       -0        -0        -0        -0        -0        -0        -0        -0        -0        -0  -1.83341  -2.05502  0.306766 -0.713234  -2.87745 -0.197061 -0.676454  0.786114  0.879966  -0.02431
       -0        -0        -0        -0        -0        -0        -0        -0        -0        -0  -2.49448  0.306766  -2.14769 -0.300289  -2.56103  0.632504 -0.709753 -0.523928  -1.21607 -0.970041
       -0        -0        -0        -0        -0        -0        -0        -0        -0        -0  0.202877 -0.713234 -0.300289 -0.282293  0.918439  0.651734  0.518537  -2.60554 -0.640794  -2.43654
       -0        -0        -0        -0        -0        -0        -0        -0        -0        -0  0.209054  -2.87745  -2.56103  0.918439  -1.30346  -2.62652  -1.95875  0.704553    0.5317 -0.505773
       -0        -0        -0        -0        -0        -0        -0        -0        -0        -0 -0.200577 -0.197061  0.632504  0.651734  -2.62652 -0.773462  -2.69091  -2.82739 -0.842588 0.0712129
       -0        -0        -0        -0        -0        -0        -0        -0        -0        -0  -2.18117 -0.676454 -0.709753  0.518537  -1.95875  -2.69091  0.397558  -2.31643  -2.41426  -2.12745
       -0        -0        -0        -0        -0        -0        -0        -0        -0        -0  0.955482  0.786114 -0.523928  -2.60554  0.704553  -2.82739  -2.31643 -0.599035 -0.730265  -1.10821
       -0        -0        -0        -0        -0        -0        -0        -0        -0        -0 -0.273298  0.879966  -1.21607 -0.640794    0.5317 -0.842588  -2.41426 -0.730265 -0.843136  0.532703
       -0        -0        -0        -0        -0        -0        -0        -0        -0        -0 -0.726784  -0.02431 -0.970041  -2.43654 -0.505773 0.0712129  -2.12745  -1.10821  0.532703  -1.55039
   2.7547 -0.547199   2.28069  0.185218  0.157694 -0.302491  0.517702   1.28601 -0.501024   2.68804        -0        -0        -0        -0        -0        -0        -0        -0        -0        -0
-0.547199  0.932051  -0.92915   1.74759   2.16257   2.44065   2.65935 0.0177205   1.69653  0.739442        -0        -0        -0        -0        -0        -0        -0        -0        -0        -0
  2.28069  -0.92915   2.37891   2.15863  0.600011 -0.668086   1.70158  0.824663 -0.340524   1.80368        -0        -0        -0        -0        -0        -0        -0        -0        -0        -0
 0.185218   1.74759   2.15863   2.94949  0.303196 -0.923584 -0.323671   2.88602  -0.16911   1.38962        -0        -0        -0        -0        -0        -0        -0        -0        -0        -0
 0.157694   2.16257  0.600011  0.303196  0.831449 -0.308626   2.60884   1.32092   1.77295   1.41577        -0        -0        -0        -0        -0        -0        -0        -0        -0        -0
-0.302491   2.44065 -0.668086 -0.923584 -0.308626    2.8393    1.7278   2.65611   0.35085   1.41252        -0        -0        -0        -0        -0        -0        -0        -0        -0        -0
 0.517702   2.65935   1.70158 -0.323671   2.60884    1.7278   2.95231 0.0588735 -0.329809  0.117421        -0        -0        -0        -0        -0        -0        -0        -0        -0        -0
  1.28601 0.0177205  0.824663   2.88602   1.32092   2.65611 0.0588735 -0.762087   2.73404   1.36809        -0        -0        -0        -0        -0        -0        -0        -0        -0        -0
-0.501024   1.69653 -0.340524  -0.16911   1.77295   0.35085 -0.329809   2.73404  -0.77826 0.0305639        -0        -0        -0        -0        -0        -0        -0        -0        -0        -0
   2.68804   0.739442    1.80368    1.38962    1.41577    1.41252   0.117421    1.36809  0.0305639 -0.0225532         -0         -0         -0         -0         -0         -0         -0         -0         -0         -0
       -0        -0        -0        -0        -0        -0        -0        -0        -0        -0   -2.7547  0.547199  -2.28069 -0.185218 -0.157694  0.302491 -0.517702  -1.28601  0.501024  -2.68804
        -0         -0         -0         -0         -0         -0         -0         -0         -0         -0   0.547199  -0.932051    0.92915   -1.74759   -2.16257   -2.44065   -2.65935 -0.0177205   -1.69653  -0.739442
       -0        -0        -0        -0        -0        -0        -0        -0        -0        -0  -2.28069   0.92915  -2.37891  -2.15863 -0.600011  0.668086  -1.70158 -0.824663  0.340524  -1.80368
       -0        -0        -0        -0        -0        -0        -0        -0        -0        -0 -0.185218  -1.74759  -2.15863  -2.94949 -0.303196  0.923584  0.323671  -2.88602   0.16911  -1.38962
       -0        -0        -0        -0        -0        -0        -0        -0        -0        -0 -0.157694  -2.16257 -0.600011 -0.303196 -0.831449  0.308626  -2.60884  -1.32092  -1.77295  -1.41577
      -0       -0       -0       -0       -0       -0       -0       -0       -0       -0 0.302491 -2.44065 0.668086 0.923584 0.308626  -2.8393  -1.7278 -2.65611 -0.35085 -1.41252
        -0         -0         -0         -0         -0         -0         -0         -0         -0         -0  -0.517702   -2.65935   -1.70158   0.323671   -2.60884    -1.7278   -2.95231 -0.0588735   0.329809  -0.117421
        -0         -0         -0         -0         -0         -0         -0         -0         -0         -0   -1.28601 -0.0177205  -0.824663   -2.88602   -1.32092   -2.65611 -0.0588735   0.762087   -2.73404   -1.36809
        -0         -0         -0         -0         -0         -0         -0         -0         -0         -0   0.501024   -1.69653   0.340524    0.16911   -1.77295   -0.35085   0.329809   -2.73404    0.77826 -0.0305639
        -0         -0         -0         -0         -0         -0         -0         -0         -0         -0   -2.68804  -0.739442   -1.80368   -1.38962   -1.41577   -1.41252  -0.117421   -1.36809 -0.0305639  0.0225532
0.0301727  0.480293  0.698378  0.886015   0.14158  0.548796   2.30229 -0.142013   1.98013 -0.336262        -0        -0        -0        -0        -0        -0        -0        -0        -0        -0
 0.480293 0.0529726  0.401527   2.26583  -0.79395   2.94053 -0.971724  -0.73649  0.691149   2.63503        -0        -0        -0        -0        -0        -0        -0        -0        -0        -0
 0.698378  0.401527    0.4518   2.26171  0.804235  0.442545 -0.630346    2.9601 -0.467001   2.82691        -0        -0        -0        -0        -0        -0        -0        -0        -0        -0
 0.886015   2.26583   2.26171   2.88118  -0.65192    2.0006     1.564   1.66222 -0.577322 0.0333917        -0        -0        -0        -0        -0        -0        -0        -0        -0        -0
  0.14158  -0.79395  0.804235  -0.65192   1.34582 -0.557416   2.90946  -0.38841 -0.308255   1.19902        -0        -0        -0        -0        -0        -0        -0        -0        -0        -0
  0.548796    2.94053   0.442545     2.0006  -0.557416   0.233692    1.49032    1.30592 -0.0244169    2.73637         -0         -0         -0         -0         -0         -0         -0         -0         -0         -0
  2.30229 -0.971724 -0.630346     1.564   2.90946   1.49032 0.0282906   1.35032  0.656371   2.52371        -0        -0        -0        -0        -0        -0        -0        -0        -0        -0
-0.142013  -0.73649    2.9601   1.66222  -0.38841   1.30592   1.35032   1.93912   2.55991   2.22731        -0        -0        -0        -0        -0        -0        -0        -0        -0        -0
   1.98013   0.691149  -0.467001  -0.577322  -0.308255 -0.0244169   0.656371    2.55991  -0.667262    2.84309         -0         -0         -0         -0         -0         -0         -0         -0         -0         -0
-0.336262   2.63503   2.82691 0.0333917   1.19902   2.73637   2.52371   2.22731   2.84309   1.64564        -0        -0        -0        -0        -0        -0        -0        -0        -0        -0
        -0         -0         -0         -0         -0         -0         -0         -0         -0         -0 -0.0301727  -0.480293  -0.698378  -0.886015   -0.14158  -0.548796   -2.30229   0.142013   -1.98013   0.336262
        -0         -0         -0         -0         -0         -0         -0         -0         -0         -0  -0.480293 -0.0529726  -0.401527   -2.26583    0.79395   -2.94053   0.971724    0.73649  -0.691149   -2.63503
       -0        -0        -0        -0        -0        -0        -0        -0        -0        -0 -0.698378 -0.401527   -0.4518  -2.26171 -0.804235 -0.442545  0.630346   -2.9601  0.467001  -2.82691
        -0         -0         -0         -0         -0         -0         -0         -0         -0         -0  -0.886015   -2.26583   -2.26171   -2.88118    0.65192    -2.0006     -1.564   -1.66222   0.577322 -0.0333917
       -0        -0        -0        -0        -0        -0        -0        -0        -0        -0  -0.14158   0.79395 -0.804235   0.65192  -1.34582  0.557416  -2.90946   0.38841  0.308255  -1.19902
       -0        -0        -0        -0        -0        -0        -0        -0        -0        -0 -0.548796  -2.94053 -0.442545   -2.0006  0.557416 -0.233692  -1.49032  -1.30592 0.0244169  -2.73637
        -0         -0         -0         -0         -0         -0         -0         -0         -0         -0   -2.30229   0.971724   0.630346     -1.564   -2.90946   -1.49032 -0.0282906   -1.35032  -0.656371   -2.52371
      -0       -0       -0       -0       -0       -0       -0       -0       -0       -0 0.142013  0.73649  -2.9601 -1.66222  0.38841 -1.30592 -1.35032 -1.93912 -2.55991 -2.22731
       -0        -0        -0        -0        -0        -0        -0        -0        -0        -0  -1.98013 -0.691149  0.467001  0.577322  0.308255 0.0244169 -0.656371  -2.55991  0.667262  -2.84309
        -0         -0         -0         -0         -0         -0         -0         -0         -0         -0   0.336262   -2.63503   -2.82691 -0.0333917   -1.19902   -2.73637   -2.52371   -2.22731   -2.84309   -1.64564
  1.98136   1.30609   2.31767   2.19901  0.768699  0.609293   1.97769 -0.441111   2.47788   1.56665        -0        -0        -0        -0        -0        -0        -0        -0        -0        -0
  1.30609   0.43999   2.99627 -0.809862   1.80812   1.22813 -0.266944   1.05137   0.21976   2.22171        -0        -0        -0        -0        -0        -0        -0        -0        -0        -0
  2.31767   2.99627   2.78244   2.42511  0.528753     2.951 -0.227894 -0.498627   1.61766   1.67664        -0        -0        -0        -0        -0        -0        -0        -0        -0        -0
  2.19901 -0.809862   2.42511   1.10817 -0.150425  0.391731    1.4028   1.08764   2.42888   2.33876        -0        -0        -0        -0        -0        -0        -0        -0        -0        -0
 0.768699   1.80812  0.528753 -0.150425  0.647211   0.37271   1.84122   1.90095   1.61149  0.624517        -0        -0        -0        -0        -0        -0        -0        -0        -0        -0
 0.609293   1.22813     2.951  0.391731   0.37271 -0.019333    2.9037   1.14858   2.99037  0.517865        -0        -0        -0        -0        -0        -0        -0        -0        -0        -0
  1.97769 -0.266944 -0.227894    1.4028   1.84122    2.9037  0.191218  0.479064 -0.590454   2.24246        -0        -0        -0        -0        -0        -0        -0        -0        -0        -0
-0.441111   1.05137 -0.498627   1.08764   1.90095   1.14858  0.479064   2.52314  0.984683   1.81573        -0        -0        -0        -0        -0        -0        -0        -0        -0        -0
  2.47788   0.21976   1.61766   2.42888   1.61149   2.99037 -0.590454  0.984683 -0.755979  0.987991        -0        -0        -0        -0        -0        -0        -0        -0        -0        -0
 1.56665  2.22171  1.67664  2.33876 0.624517 0.517865  2.24246  1.81573 0.987991  2.52513       -0       -0       -0       -0       -0       -0       -0       -0       -0       -0
       -0        -0        -0        -0        -0        -0        -0        -0        -0        -0  -1.98136  -1.30609  -2.31767  -2.19901 -0.768699 -0.609293  -1.97769  0.441111  -2.47788  -1.56665
      -0       -0       -0       -0       -0       -0       -0       -0       -0       -0 -1.30609 -0.43999 -2.99627 0.809862 -1.80812 -1.22813 0.266944 -1.05137 -0.21976 -2.22171
       -0        -0        -0        -0        -0        -0        -0        -0        -0        -0  -2.31767  -2.99627  -2.78244  -2.42511 -0.528753    -2.951  0.227894  0.498627  -1.61766  -1.67664
       -0        -0        -0        -0        -0        -0        -0        -0        -0        -0  -2.19901  0.809862  -2.42511  -1.10817  0.150425 -0.391731   -1.4028  -1.08764  -2.42888  -2.33876
       -0        -0        -0        -0        -0        -0        -0        -0        -0        -0 -0.768699  -1.80812 -0.528753  0.150425 -0.647211  -0.37271  -1.84122  -1.90095  -1.61149 -0.624517
       -0        -0        -0        -0        -0        -0        -0        -0        -0        -0 -0.609293  -1.22813    -2.951 -0.391731  -0.37271  0.019333   -2.9037  -1.14858  -2.99037 -0.517865
       -0        -0        -0        -0        -0        -0        -0        -0        -0        -0  -1.97769  0.266944  0.227894   -1.4028  -1.84122   -2.9037 -0.191218 -0.479064  0.590454  -2.24246
       -0        -0        -0        -0        -0        -0        -0        -0        -0        -0  0.441111  -1.05137  0.498627  -1.08764  -1.90095  -1.14858 -0.479064  -2.52314 -0.984683  -1.81573
       -0        -0        -0        -0        -0        -0        -0        -0        -0        -0  -2.47788  -0.21976  -1.61766  -2.42888  -1.61149  -2.99037  0.590454 -0.984683  0.755979 -0.987991
       -0        -0        -0        -0        -0        -0        -0        -0        -0        -0  -1.56665  -2.22171  -1.67664  -2.33876 -0.624517 -0.517865  -2.24246  -1.81573 -0.987991  -2.52513
-0.491014   1.50311   0.26049  0.258349 -0.535181   1.82815   2.11126  0.734392   2.99495 -0.997469        -0        -0        -0        -0        -0        -0        -0        -0        -0        -0
  1.50311   2.47848     2.152  0.526105   2.24109   1.27614 -0.725691 -0.153687 -0.632402   1.50913        -0        -0        -0        -0        -0        -0        -0        -0        -0        -0
  0.26049     2.152 -0.423133  0.989871   1.79139   1.79199 -0.850377    2.7046  0.516319   2.35996        -0        -0        -0        -0        -0        -0        -0        -0        -0        -0
 0.258349  0.526105  0.989871   1.83486 -0.546011   2.40502  0.101132 -0.474217   1.78694 -0.847847        -0        -0        -0        -0        -0        -0        -0        -0        -0        -0
-0.535181   2.24109   1.79139 -0.546011 -0.638141   1.21327   2.10917  0.300302   2.77261   2.61026        -0        -0        -0        -0        -0        -0        -0        -0        -0        -0
  1.82815   1.27614   1.79199   2.40502   1.21327  0.282746   1.68609 -0.933543   2.72959   1.46912        -0        -0        -0        -0        -0        -0        -0        -0        -0        -0
  2.11126 -0.725691 -0.850377  0.101132   2.10917   1.68609   2.72553   1.22453 -0.930312   1.83824        -0        -0        -0        -0        -0        -0        -0        -0        -0        -0
 0.734392 -0.153687    2.7046 -0.474217  0.300302 -0.933543   1.22453 -0.645047  0.379013   2.33579        -0        -0        -0        -0        -0        -0        -0        -0        -0        -0
  2.99495 -0.632402  0.516319   1.78694   2.77261   2.72959 -0.930312  0.379013   2.39786 -0.109398        -0        -0        -0        -0        -0        -0        -0        -0        -0        -0
-0.997469   1.50913   2.35996 -0.847847   2.61026   1.46912   1.83824   2.33579 -0.109398   2.21973        -0        -0        -0        -0        -0        -0        -0        -0        -0        -0
       -0        -0        -0        -0        -0        -0        -0        -0        -0        -0  0.491014  -1.50311  -0.26049 -0.258349  0.535181  -1.82815  -2.11126 -0.734392  -2.99495  0.997469
       -0        -0        -0        -0        -0        -0        -0        -0        -0        -0  -1.50311  -2.47848    -2.152 -0.526105  -2.24109  -1.27614  0.725691  0.153687  0.632402  -1.50913
       -0        -0        -0        -0        -0        -0        -0        -0        -0        -0  -0.26049    -2.152  0.423133 -0.989871  -1.79139  -1.79199  0.850377   -2.7046 -0.516319  -2.35996
       -0        -0        -0        -0        -0        -0        -0        -0        -0        -0 -0.258349 -0.526105 -0.989871  -1.83486  0.546011  -2.40502 -0.101132  0.474217  -1.78694  0.847847
       -0        -0        -0        -0        -0        -0        -0        -0        -0        -0  0.535181  -2.24109  -1.79139  0.546011  0.638141  -1.21327  -2.10917 -0.300302  -2.77261  -2.61026
       -0        -0        -0        -0        -0        -0        -0        -0        -0        -0  -1.82815  -1.27614  -1.79199  -2.40502  -1.21327 -0.282746  -1.68609  0.933543  -2.72959  -1.46912
       -0        -0        -0        -0        -0        -0        -0        -0        -0        -0  -2.11126  0.725691  0.850377 -0.101132  -2.10917  -1.68609  -2.72553  -1.22453  0.930312  -1.83824
       -0        -0        -0        -0        -0        -0        -0        -0        -0        -0 -0.734392  0.153687   -2.7046  0.474217 -0.300302  0.933543  -1.22453  0.645047 -0.379013  -2.33579
       -0        -0        -0        -0        -0        -0        -0        -0        -0        -0  -2.99495  0.632402 -0.516319  -1.78694  -2.77261  -2.72959  0.930312 -0.379013  -2.39786  0.109398
      -0       -0       -0       -0       -0       -0       -0       -0       -0       -0 0.997469 -1.50913 -2.35996 0.847847 -2.61026 -1.46912 -1.83824 -2.33579 0.109398 -2.21973
  2.79929 -0.384513   2.65853 -0.158321   1.69775   2.39725  0.330539   2.11023   2.73025   1.94225        -0        -0        -0        -0        -0        -0        -0        -0        -0        -0
-0.384513  0.716251   1.63155   1.51372   1.14478   1.44623   2.93306   1.07577   2.97361    1.0182        -0        -0        -0        -0        -0        -0        -0        -0        -0        -0
   2.65853    1.63155    2.76839 0.00320713   0.711628    1.68573    2.77244     1.1618  -0.729384    1.90984         -0         -0         -0         -0         -0         -0         -0         -0         -0         -0
 -0.158321    1.51372 0.00320713 -0.0922742  -0.824852    2.16564    1.33375  -0.178138    1.41598     1.7147         -0         -0         -0         -0         -0         -0         -0         -0         -0         -0
  1.69775   1.14478  0.711628 -0.824852 -0.723416  0.464717 -0.159218   1.25092   2.13925 -0.648056        -0        -0        -0        -0        -0        -0        -0        -0        -0        -0
 2.39725  1.44623  1.68573  2.16564 0.464717 0.469432 0.790057  1.43839 0.735332  2.75063       -0       -0       -0       -0       -0       -0       -0       -0       -0       -0
 0.330539   2.93306   2.77244   1.33375 -0.159218  0.790057   1.48773   2.03668   2.88541 -0.495246        -0        -0        -0        -0        -0        -0        -0        -0        -0        -0
  2.11023   1.07577    1.1618 -0.178138   1.25092   1.43839   2.03668   2.67608  0.683535   1.83968        -0        -0        -0        -0        -0        -0        -0        -0        -0        -0
  2.73025   2.97361 -0.729384   1.41598   2.13925  0.735332   2.88541  0.683535 -0.312341   1.86548        -0        -0        -0        -0        -0        -0        -0        -0        -0        -0
  1.94225    1.0182   1.90984    1.7147 -0.648056   2.75063 -0.495246   1.83968   1.86548   2.88277        -0        -0        -0        -0        -0        -0        -0        -0        -0        -0
       -0        -0        -0        -0        -0        -0        -0        -0        -0        -0  -2.79929  0.384513  -2.65853  0.158321  -1.69775  -2.39725 -0.330539  -2.11023  -2.73025  -1.94225
       -0        -0        -0        -0        -0        -0        -0        -0        -0        -0  0.384513 -0.716251  -1.63155  -1.51372  -1.14478  -1.44623  -2.93306  -1.07577  -2.97361   -1.0182
         -0          -0          -0          -0          -0          -0          -0          -0          -0          -0    -2.65853    -1.63155    -2.76839 -0.00320713   -0.711628    -1.68573    -2.77244     -1.1618    0.729384    -1.90984
         -0          -0          -0          -0          -0          -0          -0          -0          -0          -0    0.158321    -1.51372 -0.00320713   0.0922742    0.824852    -2.16564    -1.33375    0.178138    -1.41598     -1.7147
       -0        -0        -0        -0        -0        -0        -0        -0        -0        -0  -1.69775  -1.14478 -0.711628  0.824852  0.723416 -0.464717  0.159218  -1.25092  -2.13925  0.648056
       -0        -0        -0        -0        -0        -0        -0        -0        -0        -0  -2.39725  -1.44623  -1.68573  -2.16564 -0.464717 -0.469432 -0.790057  -1.43839 -0.735332  -2.75063
       -0        -0        -0        -0        -0        -0        -0        -0        -0        -0 -0.330539  -2.93306  -2.77244  -1.33375  0.159218 -0.790057  -1.48773  -2.03668  -2.88541  0.495246
       -0        -0        -0        -0        -0        -0        -0        -0        -0        -0  -2.11023  -1.07577   -1.1618  0.178138  -1.25092  -1.43839  -2.03668  -2.67608 -0.683535  -1.83968
       -0        -0        -0        -0        -0        -0        -0        -0        -0        -0  -2.73025  -2.97361  0.729384  -1.41598  -2.13925 -0.735332  -2.88541 -0.683535  0.312341  -1.86548
      -0       -0       -0       -0       -0       -0       -0       -0       -0       -0 -1.94225  -1.0182 -1.90984  -1.7147 0.648056 -2.75063 0.495246 -1.83968 -1.86548 -2.88277
   1.8567   2.65865 -0.106034   1.87413   1.92741  -0.36776   2.16454  0.836524 -0.110506 -0.990451        -0        -0        -0        -0        -0        -0        -0        -0        -0        -0
   2.65865    2.61579    2.77191    1.41877  -0.313875   0.386369    2.03405 -0.0352296     2.9946    2.93331         -0         -0         -0         -0         -0         -0         -0         -0         -0         -0
-0.106034   2.77191 -0.629547 -0.604364 -0.456542   1.68196   2.70593  -0.53301   1.83398   2.93398        -0        -0        -0        -0        -0        -0        -0        -0        -0        -0
   1.87413    1.41877  -0.604364  -0.167329    1.93428 0.00269283    2.56017    1.37998    2.57145    2.71548         -0         -0         -0         -0         -0         -0         -0         -0         -0         -0
    1.92741   -0.313875   -0.456542     1.93428   -0.384612     0.19018     2.86672     2.89905 -0.00270521     2.49348          -0          -0          -0          -0          -0          -0          -0          -0          -0          -0
  -0.36776   0.386369    1.68196 0.00269283    0.19018   0.168562    2.14321   0.082378  -0.975839     2.8007         -0         -0         -0         -0         -0         -0         -0         -0         -0         -0
  2.16454   2.03405   2.70593   2.56017   2.86672   2.14321   1.75339 -0.044792 -0.259986   1.85869        -0        -0        -0        -0        -0        -0        -0        -0        -0        -0
  0.836524 -0.0352296   -0.53301    1.37998    2.89905   0.082378  -0.044792   0.979444    1.72239    1.24687         -0         -0         -0         -0         -0         -0         -0         -0         -0         -0
  -0.110506      2.9946     1.83398     2.57145 -0.00270521   -0.975839   -0.259986     1.72239   -0.231223   -0.290441          -0          -0          -0          -0          -0          -0          -0          -0          -0          -0
-0.990451   2.93331   2.93398   2.71548   2.49348    2.8007   1.85869   1.24687 -0.290441  -0.10395        -0        -0        -0        -0        -0        -0        -0        -0        -0        -0
       -0        -0        -0        -0        -0        -0        -0        -0        -0        -0   -1.8567  -2.65865  0.106034  -1.87413  -1.92741   0.36776  -2.16454 -0.836524  0.110506  0.990451
       -0        -0        -0        -0        -0        -0        -0        -0        -0        -0  -2.65865  -2.61579  -2.77191  -1.41877  0.313875 -0.386369  -2.03405 0.0352296   -2.9946  -2.93331
      -0       -0       -0       -0       -0       -0       -0       -0       -0       -0 0.106034 -2.77191 0.629547 0.604364 0.456542 -1.68196 -2.70593  0.53301 -1.83398 -2.93398
         -0          -0          -0          -0          -0          -0          -0          -0          -0          -0    -1.87413    -1.41877    0.604364    0.167329    -1.93428 -0.00269283    -2.56017    -1.37998    -2.57145    -2.71548
        -0         -0         -0         -0         -0         -0         -0         -0         -0         -0   -1.92741   0.313875   0.456542   -1.93428   0.384612   -0.19018   -2.86672   -2.89905 0.00270521   -2.49348
         -0          -0          -0          -0          -0          -0          -0          -0          -0          -0     0.36776   -0.386369    -1.68196 -0.00269283    -0.19018   -0.168562    -2.14321   -0.082378    0.975839     -2.8007
      -0       -0       -0       -0       -0       -0       -0       -0       -0       -0 -2.16454 -2.03405 -2.70593 -2.56017 -2.86672 -2.14321 -1.75339 0.044792 0.259986 -1.85869
       -0        -0        -0        -0        -0        -0        -0        -0        -0        -0 -0.836524 0.0352296   0.53301  -1.37998  -2.89905 -0.082378  0.044792 -0.979444  -1.72239  -1.24687
        -0         -0         -0         -0         -0         -0         -0         -0         -0         -0   0.110506    -2.9946   -1.83398   -2.57145 0.00270521   0.975839   0.259986   -1.72239   0.231223   0.290441
      -0       -0       -0       -0       -0       -0       -0       -0       -0       -0 0.990451 -2.93331 -2.93398 -2.71548 -2.49348  -2.8007 -1.85869 -1.24687 0.290441  0.10395
  1.02774   2.32888  0.840206   1.13352   2.66851   1.27246   1.73661 -0.157169   1.70453   2.52651        -0        -0        -0        -0        -0        -0        -0        -0        -0        -0
  2.32888 -0.371193    1.6633   1.65721   1.96676  0.103068  0.600756 -0.619667   1.64712    2.7197        -0        -0        -0        -0        -0        -0        -0        -0        -0        -0
 0.840206    1.6633   1.88912 -0.169463   1.12233   2.85098   1.83085   2.92838  0.653679  0.853269        -0        -0        -0        -0        -0        -0        -0        -0        -0        -0
  1.13352   1.65721 -0.169463   2.99434   1.60257  0.161572   2.56714   1.96516   1.55551   1.35737        -0        -0        -0        -0        -0        -0        -0        -0        -0        -0
 2.66851  1.96676  1.12233  1.60257 0.129627  1.87726 0.595098  1.98291  2.80869  2.28684       -0       -0       -0       -0       -0       -0       -0       -0       -0       -0
  1.27246  0.103068   2.85098  0.161572   1.87726   1.22976   2.98279 0.0580101 -0.469063   2.44837        -0        -0        -0        -0        -0        -0        -0        -0        -0        -0
  1.73661  0.600756   1.83085   2.56714  0.595098   2.98279  0.323746   0.28775 -0.214722   1.34015        -0        -0        -0        -0        -0        -0        -0        -0        -0        -0
-0.157169 -0.619667   2.92838   1.96516   1.98291 0.0580101   0.28775  0.516844   2.35287 -0.389415        -0        -0        -0        -0        -0        -0        -0        -0        -0        -0
   1.70453    1.64712   0.653679    1.55551    2.80869  -0.469063  -0.214722    2.35287 -0.0169101    1.79767         -0         -0         -0         -0         -0         -0         -0         -0         -0         -0
  2.52651    2.7197  0.853269   1.35737   2.28684   2.44837   1.34015 -0.389415   1.79767   2.05198        -0        -0        -0        -0        -0        -0        -0        -0        -0        -0
       -0        -0        -0        -0        -0        -0        -0        -0        -0        -0  -1.02774  -2.32888 -0.840206  -1.13352  -2.66851  -1.27246  -1.73661  0.157169  -1.70453  -2.52651
       -0        -0        -0        -0        -0        -0        -0        -0        -0        -0  -2.32888  0.371193   -1.6633  -1.65721  -1.96676 -0.103068 -0.600756  0.619667  -1.64712   -2.7197
       -0        -0        -0        -0        -0        -0        -0        -0        -0        -0 -0.840206   -1.6633  -1.88912  0.169463  -1.12233  -2.85098  -1.83085  -2.92838 -0.653679 -0.853269
       -0        -0        -0        -0        -0        -0        -0        -0        -0        -0  -1.13352  -1.65721  0.169463  -2.99434  -1.60257 -0.161572  -2.56714  -1.96516  -1.55551  -1.35737
       -0        -0        -0        -0        -0        -0        -0        -0        -0        -0  -2.66851  -1.96676  -1.12233  -1.60257 -0.129627  -1.87726 -0.595098  -1.98291  -2.80869  -2.28684
        -0         -0         -0         -0         -0         -0         -0         -0         -0         -0   -1.27246  -0.103068   -2.85098  -0.161572   -1.87726   -1.22976   -2.98279 -0.0580101   0.469063   -2.44837
       -0        -0        -0        -0        -0        -0        -0        -0        -0        -0  -1.73661 -0.600756  -1.83085  -2.56714 -0.595098  -2.98279 -0.323746  -0.28775  0.214722  -1.34015
        -0         -0         -0         -0         -0         -0         -0         -0         -0         -0   0.157169   0.619667   -2.92838   -1.96516   -1.98291 -0.0580101   -0.28775  -0.516844   -2.35287   0.389415
       -0        -0        -0        -0        -0        -0        -0        -0        -0        -0  -1.70453  -1.64712 -0.653679  -1.55551  -2.80869  0.469063  0.214722  -2.35287 0.0169101  -1.79767
       -0        -0        -0        -0        -0        -0        -0        -0        -0        -0  -2.52651   -2.7197 -0.853269  -1.35737  -2.28684  -2.44837  -1.34015  0.389415  -1.79767  -2.05198
 0.572207 -0.555973    1.2299 -0.982045   2.79352  0.250911   2.77747   1.49644  0.827745   2.81724        -0        -0        -0        -0        -0        -0        -0        -0        -0        -0
 -0.555973     1.6366  -0.731548  -0.198938 -0.0871735   0.833557    2.38311    1.18595    0.60482   0.136542         -0         -0         -0         -0         -0         -0         -0         -0         -0         -0
   1.2299 -0.731548   2.33143  0.969717 -0.565842   2.77337   2.23053    2.7042  0.994079   1.74858        -0        -0        -0        -0        -0        -0        -0        -0        -0        -0
-0.982045 -0.198938  0.969717   2.45027  0.373901 -0.417659  0.747191    1.9306  0.601115   2.04777        -0        -0        -0        -0        -0        -0        -0        -0        -0        -0
   2.79352 -0.0871735  -0.565842   0.373901    2.01053   0.916726    1.83338    2.55985    1.18716    1.88373         -0         -0         -0         -0         -0         -0         -0         -0         -0         -0
 0.250911  0.833557   2.77337 -0.417659  0.916726   1.39919   0.53218   1.71473    2.9108   0.58196        -0        -0        -0        -0        -0        -0        -0        -0        -0        -0
  2.77747   2.38311   2.23053  0.747191   1.83338   0.53218   1.32257 -0.443134 -0.999698 -0.420055        -0        -0        -0        -0        -0        -0        -0        -0        -0        -0
  1.49644   1.18595    2.7042    1.9306   2.55985   1.71473 -0.443134   1.32283  0.387772  0.206306        -0        -0        -0        -0        -0        -0        -0        -0        -0        -0
 0.827745   0.60482  0.994079  0.601115   1.18716    2.9108 -0.999698  0.387772  0.359068   1.28084        -0        -0        -0        -0        -0        -0        -0        -0        -0        -0
  2.81724  0.136542   1.74858   2.04777   1.88373   0.58196 -0.420055  0.206306   1.28084   1.97238        -0        -0        -0        -0        -0        -0        -0        -0        -0        -0
       -0        -0        -0        -0        -0        -0        -0        -0        -0        -0 -0.572207  0.555973   -1.2299  0.982045  -2.79352 -0.250911  -2.77747  -1.49644 -0.827745  -2.81724
       -0        -0        -0        -0        -0        -0        -0        -0        -0        -0  0.555973   -1.6366  0.731548  0.198938 0.0871735 -0.833557  -2.38311  -1.18595  -0.60482 -0.136542
       -0        -0        -0        -0        -0        -0        -0        -0        -0        -0   -1.2299  0.731548  -2.33143 -0.969717  0.565842  -2.77337  -2.23053   -2.7042 -0.994079  -1.74858
       -0        -0        -0        -0        -0        -0        -0        -0        -0        -0  0.982045  0.198938 -0.969717  -2.45027 -0.373901  0.417659 -0.747191   -1.9306 -0.601115  -2.04777
       -0        -0        -0        -0        -0        -0        -0        -0        -0        -0  -2.79352 0.0871735  0.565842 -0.373901  -2.01053 -0.916726  -1.83338  -2.55985  -1.18716  -1.88373
       -0        -0        -0        -0        -0        -0        -0        -0        -0        -0 -0.250911 -0.833557  -2.77337  0.417659 -0.916726  -1.39919  -0.53218  -1.71473   -2.9108  -0.58196
       -0        -0        -0        -0        -0        -0        -0        -0        -0        -0  -2.77747  -2.38311  -2.23053 -0.747191  -1.83338  -0.53218  -1.32257  0.443134  0.999698  0.420055
       -0        -0        -0        -0        -0        -0        -0        -0        -0        -0  -1.49644  -1.18595   -2.7042   -1.9306  -2.55985  -1.71473  0.443134  -1.32283 -0.387772 -0.206306
       -0        -0        -0        -0        -0        -0        -0        -0        -0        -0 -0.827745  -0.60482 -0.994079 -0.601115  -1.18716   -2.9108  0.999698 -0.387772 -0.359068  -1.28084
       -0        -0        -0        -0        -0        -0        -0        -0        -0        -0  -2.81724 -0.136542  -1.74858  -2.04777  -1.88373  -0.58196  0.420055 -0.206306  -1.28084  -1.97238
  2.99768 -0.574737  0.835628    1.3676   0.80248   1.06086   1.12689 -0.908662  0.483903 -0.428968        -0        -0        -0        -0        -0        -0        -0        -0        -0        -0
 -0.574737   -0.13125    2.76751 -0.0865264   0.622161    1.92952  0.0361977    0.87517     2.5764    1.21283         -0         -0         -0         -0         -0         -0         -0         -0         -0         -0
  0.835628    2.76751  -0.174244   0.224281  -0.846141  -0.541897  -0.574623    2.10238    1.89233 -0.0798185         -0         -0         -0         -0         -0         -0         -0         -0         -0         -0
     1.3676  -0.0865264    0.224281     2.52593     1.17782     1.88662     2.35117   -0.754803    0.942006 -0.00359109          -0          -0          -0          -0          -0          -0          -0          -0          -0          -0
  0.80248  0.622161 -0.846141   1.17782 -0.958498   2.51372 -0.437876 -0.947011   1.46302  0.563999        -0        -0        -0        -0        -0        -0        -0        -0        -0        -0
  1.06086   1.92952 -0.541897   1.88662   2.51372   2.27338 0.0407285   2.14389   1.40605  0.482306        -0        -0        -0        -0        -0        -0        -0        -0        -0        -0
  1.12689 0.0361977 -0.574623   2.35117 -0.437876 0.0407285 -0.716673   1.86892  0.215385   1.03714        -0        -0        -0        -0        -0        -0        -0        -0        -0        -0
-0.908662   0.87517   2.10238 -0.754803 -0.947011   2.14389   1.86892  -0.20669 0.0591279  0.847326        -0        -0        -0        -0        -0        -0        -0        -0        -0        -0
 0.483903    2.5764   1.89233  0.942006   1.46302   1.40605  0.215385 0.0591279 -0.914061   1.28853        -0        -0        -0        -0        -0        -0        -0        -0        -0        -0
  -0.428968     1.21283  -0.0798185 -0.00359109    0.563999    0.482306     1.03714    0.847326     1.28853     1.10983          -0          -0          -0          -0          -0          -0          -0          -0          -0          -0
       -0        -0        -0        -0        -0        -0        -0        -0        -0        -0  -2.99768  0.574737 -0.835628   -1.3676  -0.80248  -1.06086  -1.12689  0.908662 -0.483903  0.428968
        -0         -0         -0         -0         -0         -0         -0         -0         -0         -0   0.574737    0.13125   -2.76751  0.0865264  -0.622161   -1.92952 -0.0361977   -0.87517    -2.5764   -1.21283
       -0        -0        -0        -0        -0        -0        -0        -0        -0        -0 -0.835628  -2.76751  0.174244 -0.224281  0.846141  0.541897  0.574623  -2.10238  -1.89233 0.0798185
        -0         -0         -0         -0         -0         -0         -0         -0         -0         -0    -1.3676  0.0865264  -0.224281   -2.52593   -1.17782   -1.88662   -2.35117   0.754803  -0.942006 0.00359109
       -0        -0        -0        -0        -0        -0        -0        -0        -0        -0  -0.80248 -0.622161  0.846141  -1.17782  0.958498  -2.51372  0.437876  0.947011  -1.46302 -0.563999
        -0         -0         -0         -0         -0         -0         -0         -0         -0         -0   -1.06086   -1.92952   0.541897   -1.88662   -2.51372   -2.27338 -0.0407285   -2.14389   -1.40605  -0.482306
        -0         -0         -0         -0         -0         -0         -0         -0         -0         -0   -1.12689 -0.0361977   0.574623   -2.35117   0.437876 -0.0407285   0.716673   -1.86892  -0.215385   -1.03714
        -0         -0         -0         -0         -0         -0         -0         -0         -0         -0   0.908662   -0.87517   -2.10238   0.754803   0.947011   -2.14389   -1.86892    0.20669 -0.0591279  -0.847326
        -0         -0         -0         -0         -0         -0         -0         -0         -0         -0  -0.483903    -2.5764   -1.89233  -0.942006   -1.46302   -1.40605  -0.215385 -0.0591279   0.914061   -1.28853
        -0         -0         -0         -0         -0         -0         -0         -0         -0         -0   0.428968   -1.21283  0.0798185 0.00359109  -0.563999  -0.482306   -1.03714  -0.847326   -1.28853   -1.10983
 2.32755 0.456802 0.356573  2.90231  1.88594  2.94877  1.24156 0.646631 0.884593 -0.61037       -0       -0       -0       -0       -0       -0       -0       -0       -0       -0
 0.456802    1.3152   1.75894   2.79283   1.00333   1.15815 0.0774475 -0.215951    2.6803  0.877565        -0        -0        -0        -0        -0        -0        -0        -0        -0        -0
 0.356573   1.75894 0.0539508 -0.572533   2.07179   2.62731   2.87877 -0.728577   2.00714   2.14715        -0        -0        -0        -0        -0        -0        -0        -0        -0        -0
   2.90231    2.79283  -0.572533    2.88731   0.551696 0.00271857    1.66903  -0.281584   0.511905  -0.731602         -0         -0         -0         -0         -0         -0         -0         -0         -0         -0
  1.88594   1.00333   2.07179  0.551696   1.35246 -0.565095 -0.035247   1.33574 -0.316983 -0.453408        -0        -0        -0        -0        -0        -0        -0        -0        -0        -0
   2.94877    1.15815    2.62731 0.00271857  -0.565095    2.38266    1.10153    1.62389    2.44204  -0.888099         -0         -0         -0         -0         -0         -0         -0         -0         -0         -0
  1.24156 0.0774475   2.87877   1.66903 -0.035247   1.10153  0.721564 -0.952594 -0.105439   1.36993        -0        -0        -0        -0        -0        -0        -0        -0        -0        -0
 0.646631 -0.215951 -0.728577 -0.281584   1.33574   1.62389 -0.952594 0.0162166 -0.696314   1.26816        -0        -0        -0        -0        -0        -0        -0        -0        -0        -0
  0.884593     2.6803    2.00714   0.511905  -0.316983    2.44204  -0.105439  -0.696314    2.63601 0.00194493         -0         -0         -0         -0         -0         -0         -0         -0         -0         -0
  -0.61037   0.877565    2.14715  -0.731602  -0.453408  -0.888099    1.36993    1.26816 0.00194493  -0.731963         -0         -0         -0         -0         -0         -0         -0         -0         -0         -0
       -0        -0        -0        -0        -0        -0        -0        -0        -0        -0  -2.32755 -0.456802 -0.356573  -2.90231  -1.88594  -2.94877  -1.24156 -0.646631 -0.884593   0.61037
        -0         -0         -0         -0         -0         -0         -0         -0         -0         -0  -0.456802    -1.3152   -1.75894   -2.79283   -1.00333   -1.15815 -0.0774475   0.215951    -2.6803  -0.877565
        -0         -0         -0         -0         -0         -0         -0         -0         -0         -0  -0.356573   -1.75894 -0.0539508   0.572533   -2.07179   -2.62731   -2.87877   0.728577   -2.00714   -2.14715
         -0          -0          -0          -0          -0          -0          -0          -0          -0          -0    -2.90231    -2.79283    0.572533    -2.88731   -0.551696 -0.00271857    -1.66903    0.281584   -0.511905    0.731602
       -0        -0        -0        -0        -0        -0        -0        -0        -0        -0  -1.88594  -1.00333  -2.07179 -0.551696  -1.35246  0.565095  0.035247  -1.33574  0.316983  0.453408
         -0          -0          -0          -0          -0          -0          -0          -0          -0          -0    -2.94877    -1.15815    -2.62731 -0.00271857    0.565095    -2.38266    -1.10153    -1.62389    -2.44204    0.888099
        -0         -0         -0         -0         -0         -0         -0         -0         -0         -0   -1.24156 -0.0774475   -2.87877   -1.66903   0.035247   -1.10153  -0.721564   0.952594   0.105439   -1.36993
        -0         -0         -0         -0         -0         -0         -0         -0         -0         -0  -0.646631   0.215951   0.728577   0.281584   -1.33574   -1.62389   0.952594 -0.0162166   0.696314   -1.26816
         -0          -0          -0          -0          -0          -0          -0          -0          -0          -0   -0.884593     -2.6803    -2.00714   -0.511905    0.316983    -2.44204    0.105439    0.696314    -2.63601 -0.00194493
         -0          -0          -0          -0          -0          -0          -0          -0          -0          -0     0.61037   -0.877565    -2.14715    0.731602    0.453408    0.888099    -1.36993    -1.26816 -0.00194493    0.731963
-0.463751 -0.736618   1.76481   2.12608   1.97944 0.0507826 -0.519258    2.5855  -0.80038 -0.468893        -0        -0        -0        -0        -0        -0        -0        -0        -0        -0
-0.736618   1.28864  -0.78028   2.57712 -0.280854  0.519137   2.87129   2.84823  -0.88594  0.543658        -0        -0        -0        -0        -0        -0        -0        -0        -0        -0
  1.76481  -0.78028 -0.773872  0.674375   1.25868  0.399048  -0.33237 -0.628605 -0.823119 -0.897659        -0        -0        -0        -0        -0        -0        -0        -0        -0        -0
  2.12608   2.57712  0.674375 -0.821832  0.822831   0.27691   1.15512  0.844186  0.598668  0.198737        -0        -0        -0        -0        -0        -0        -0        -0        -0        -0
  1.97944 -0.280854   1.25868  0.822831   2.98966   2.43109 -0.950538  0.671057  0.390971   2.69878        -0        -0        -0        -0        -0        -0        -0        -0        -0        -0
0.0507826  0.519137  0.399048   0.27691   2.43109  0.887167 0.0524273 -0.638942   2.60797 -0.848196        -0        -0        -0        -0        -0        -0        -0        -0        -0        -0
-0.519258   2.87129  -0.33237   1.15512 -0.950538 0.0524273   2.19648   2.90341   2.48583   1.25116        -0        -0        -0        -0        -0        -0        -0        -0        -0        -0
   2.5855   2.84823 -0.628605  0.844186  0.671057 -0.638942   2.90341   2.02029    2.4406   1.89526        -0        -0        -0        -0        -0        -0        -0        -0        -0        -0
 -0.80038  -0.88594 -0.823119  0.598668  0.390971   2.60797   2.48583    2.4406 0.0629156   2.76726        -0        -0        -0        -0        -0        -0        -0        -0        -0        -0
-0.468893  0.543658 -0.897659  0.198737   2.69878 -0.848196   1.25116   1.89526   2.76726   2.11995        -0        -0        -0        -0        -0        -0        -0        -0        -0        -0
        -0         -0         -0         -0         -0         -0         -0         -0         -0         -0   0.463751   0.736618   -1.76481   -2.12608   -1.97944 -0.0507826   0.519258    -2.5855    0.80038   0.468893
       -0        -0        -0        -0        -0        -0        -0        -0        -0        -0  0.736618  -1.28864   0.78028  -2.57712  0.280854 -0.519137  -2.87129  -2.84823   0.88594 -0.543658
       -0        -0        -0        -0        -0        -0        -0        -0        -0        -0  -1.76481   0.78028  0.773872 -0.674375  -1.25868 -0.399048   0.33237  0.628605  0.823119  0.897659
       -0        -0        -0        -0        -0        -0        -0        -0        -0        -0  -2.12608  -2.57712 -0.674375  0.821832 -0.822831  -0.27691  -1.15512 -0.844186 -0.598668 -0.198737
       -0        -0        -0        -0        -0        -0        -0        -0        -0        -0  -1.97944  0.280854  -1.25868 -0.822831  -2.98966  -2.43109  0.950538 -0.671057 -0.390971  -2.69878
        -0         -0         -0         -0         -0         -0         -0         -0         -0         -0 -0.0507826  -0.519137  -0.399048   -0.27691   -2.43109  -0.887167 -0.0524273   0.638942   -2.60797   0.848196
        -0         -0         -0         -0         -0         -0         -0         -0         -0         -0   0.519258   -2.87129    0.33237   -1.15512   0.950538 -0.0524273   -2.19648   -2.90341   -2.48583   -1.25116
       -0        -0        -0        -0        -0        -0        -0        -0        -0        -0   -2.5855  -2.84823  0.628605 -0.844186 -0.671057  0.638942  -2.90341  -2.02029   -2.4406  -1.89526
        -0         -0         -0         -0         -0         -0         -0         -0         -0         -0    0.80038    0.88594   0.823119  -0.598668  -0.390971   -2.60797   -2.48583    -2.4406 -0.0629156   -2.76726
       -0        -0        -0        -0        -0        -0        -0        -0        -0        -0  0.468893 -0.543658  0.897659 -0.198737  -2.69878  0.848196  -1.25116  -1.89526  -2.76726  -2.11995
