20
1
20
0.00272378   0.394761 -0.0100224 -0.0211765   0.233533   0.116449  -0.028652  -0.316649   0.247258   0.137141   0.297169  -0.132174    0.10608   0.308172  -0.104189  -0.193244  -0.548344  0.0523832 -0.0494469   0.168543
-36.8044 -24.6295 -17.8112 -18.5345   -13.05  -15.604 -15.6727 -7.43852 -16.3964  -12.569 -17.9841 -25.4399 -5.39493 -14.6556 -8.62398 -22.8928 -12.4711 -14.2461 -12.8114 -15.1998
-24.6295   -59.87 -22.1897 -34.7034 -29.2318 -34.0614 -29.0845 -9.28608 -30.1281 -34.4795 -28.6804 -38.0914 -23.6118 -31.3626 -25.7541 -28.8301 -24.2052 -18.3681 -31.2527 -20.8805
-17.8112 -22.1897 -39.1486 -13.0018 -9.58917 -10.3701 -21.3601 -9.97864 -5.34003 -22.6711 -17.4282 -22.2881 -16.2939 -25.0194 -28.5989 -10.2856 -23.8428 -15.3298 -19.2709 -18.8068
-18.5345 -34.7034 -13.0018 -41.1178 -26.2341 -32.1951 -20.6823 -4.18214 -21.4274 -24.2353 -20.0218 -18.6309 -10.6579 -11.2983 -13.4494 -21.2975 -12.4764  -7.0095 -20.9219 -17.3499
  -13.05 -29.2318 -9.58917 -26.2341 -44.2583 -34.3869 -11.8794 -5.65609 -24.5526 -29.5037 -14.2311 -20.4457 -9.89004 -22.6171 -18.8695 -19.6149 -13.2749 -13.7639 -24.3009   -15.11
 -15.604 -34.0614 -10.3701 -32.1951 -34.3869 -58.7568 -14.6041 -12.3808 -28.0708 -31.9518 -25.0315 -23.4905 -21.7059 -22.5359 -12.8723  -26.789  -17.103 -6.01991 -22.0086 -14.4279
-15.6727 -29.0845 -21.3601 -20.6823 -11.8794 -14.6041 -47.1911 -4.70744 -10.5608  -17.279 -34.9685 -15.0571 -20.0804 -14.8996 -20.1965 -6.99575 -19.2764  -16.405 -18.4264 -16.8345
 -7.43852  -9.28608  -9.97864  -4.18214  -5.65609  -12.3808  -4.70744  -22.4725 -0.766197   1.14519  -11.4574  -10.0162  -15.7683  -13.0658   2.37268  -6.50298   1.97784 0.0217733  -1.57057  -7.39515
 -16.3964  -30.1281  -5.34003  -21.4274  -24.5526  -28.0708  -10.5608 -0.766197  -49.9665   -24.385  -25.1858  -26.5565  -2.14109  -15.4816  -8.12782  -12.3351  -10.5041 -0.833607  -28.9081  -2.76037
 -12.569 -34.4795 -22.6711 -24.2353 -29.5037 -31.9518  -17.279  1.14519  -24.385 -50.3409 -15.6181 -29.8248 -17.3677 -28.4517 -34.1364 -18.3113 -33.5086 -15.9966  -25.148 -19.8089
-17.9841 -28.6804 -17.4282 -20.0218 -14.2311 -25.0315 -34.9685 -11.4574 -25.1858 -15.6181 -48.6577 -23.0872 -21.7087 -21.3933 -9.27099 -8.58267 -17.5148 -3.23719 -19.1857 -17.6783
-25.4399 -38.0914 -22.2881 -18.6309 -20.4457 -23.4905 -15.0571 -10.0162 -26.5565 -29.8248 -23.0872 -50.1882 -17.4527 -30.7225 -14.2735  -17.607 -32.7702 -15.2076 -18.0249 -22.3301
-5.39493 -23.6118 -16.2939 -10.6579 -9.89004 -21.7059 -20.0804 -15.7683 -2.14109 -17.3677 -21.7087 -17.4527 -36.2581 -29.9106 -13.8614 -8.28325 -16.3214 -6.39836 -3.43988 -17.8882
-14.6556 -31.3626 -25.0194 -11.2983 -22.6171 -22.5359 -14.8996 -13.0658 -15.4816 -28.4517 -21.3933 -30.7225 -29.9106 -52.0524 -26.1347 -14.2051 -28.4461 -10.8982 -18.8339 -25.4369
-8.62398 -25.7541 -28.5989 -13.4494 -18.8695 -12.8723 -20.1965  2.37268 -8.12782 -34.1364 -9.27099 -14.2735 -13.8614 -26.1347 -44.1638 -12.1725 -25.5608 -20.1956 -24.3741 -14.8916
-22.8928 -28.8301 -10.2856 -21.2975 -19.6149  -26.789 -6.99575 -6.50298 -12.3351 -18.3113 -8.58267  -17.607 -8.28325 -14.2051 -12.1725  -34.882 -10.3718 -14.2872 -17.5564  -13.745
-12.4711 -24.2052 -23.8428 -12.4764 -13.2749  -17.103 -19.2764  1.97784 -10.5041 -33.5086 -17.5148 -32.7702 -16.3214 -28.4461 -25.5608 -10.3718 -49.6533 -18.7865   -12.44 -25.6663
 -14.2461  -18.3681  -15.3298   -7.0095  -13.7639  -6.01991   -16.405 0.0217733 -0.833607  -15.9966  -3.23719  -15.2076  -6.39836  -10.8982  -20.1956  -14.2872  -18.7865  -30.0311  -9.06639  -12.8268
-12.8114 -31.2527 -19.2709 -20.9219 -24.3009 -22.0086 -18.4264 -1.57057 -28.9081  -25.148 -19.1857 -18.0249 -3.43988 -18.8339 -24.3741 -17.5564   -12.44 -9.06639 -50.2612 -6.21593
-15.1998 -20.8805 -18.8068 -17.3499   -15.11 -14.4279 -16.8345 -7.39515 -2.76037 -19.8089 -17.6783 -22.3301 -17.8882 -25.4369 -14.8916  -13.745 -25.6663 -12.8268 -6.21593 -36.1454
-0.445216   1.87935  0.622803 -0.685132  0.486718  0.585198   2.97938   1.49158  0.700666  0.590052        -0        -0        -0        -0        -0        -0        -0        -0        -0        -0
  1.87935  0.321109   2.92162   2.80629    2.1755   1.48385 -0.653215   1.33736   1.83808   1.30303        -0        -0        -0        -0        -0        -0        -0        -0        -0        -0
0.622803  2.92162  2.90947  1.24872  2.06755  2.70743  1.06068  0.86637  2.52001  1.19343       -0       -0       -0       -0       -0       -0       -0       -0       -0       -0
-0.685132   2.80629   1.24872   1.99959  0.302828  0.494671    1.2281  0.559134  0.408096   2.65074        -0        -0        -0        -0        -0        -0        -0        -0        -0        -0
 0.486718    2.1755   2.06755  0.302828   1.37724    1.4953   2.34637   2.64019 -0.667245 -0.468869        -0        -0        -0        -0        -0        -0        -0        -0        -0        -0
 0.585198   1.48385   2.70743  0.494671    1.4953 -0.593373   2.27314 -0.756386   1.01531  0.539797        -0        -0        -0        -0        -0        -0        -0        -0        -0        -0
  2.97938 -0.653215   1.06068    1.2281   2.34637   2.27314   1.39472 -0.824881  0.814723   1.92388        -0        -0        -0        -0        -0        -0        -0        -0        -0        -0
  1.49158   1.33736   0.86637  0.559134   2.64019 -0.756386 -0.824881  0.914854   2.33565   1.92585        -0        -0        -0        -0        -0        -0        -0        -0        -0        -0
 0.700666   1.83808   2.52001  0.408096 -0.667245   1.01531  0.814723   2.33565   1.32364   1.28494        -0        -0        -0        -0        -0        -0        -0        -0        -0        -0
 0.590052   1.30303   1.19343   2.65074 -0.468869  0.539797   1.92388   1.92585   1.28494   2.77452        -0        -0        -0        -0        -0        -0        -0        -0        -0        -0
       -0        -0        -0        -0        -0        -0        -0        -0        -0        -0  0.445216  -1.87935 -0.622803  0.685132 -0.486718 -0.585198  -2.97938  -1.49158 -0.700666 -0.590052
       -0        -0        -0        -0        -0        -0        -0        -0        -0        -0  -1.87935 -0.321109  -2.92162  -2.80629   -2.1755  -1.48385  0.653215  -1.33736  -1.83808  -1.30303
       -0        -0        -0        -0        -0        -0        -0        -0        -0        -0 -0.622803  -2.92162  -2.90947  -1.24872  -2.06755  -2.70743  -1.06068  -0.86637  -2.52001  -1.19343
       -0        -0        -0        -0        -0        -0        -0        -0        -0        -0  0.685132  -2.80629  -1.24872  -1.99959 -0.302828 -0.494671   -1.2281 -0.559134 -0.408096  -2.65074
       -0        -0        -0        -0        -0        -0        -0        -0        -0        -0 -0.486718   -2.1755  -2.06755 -0.302828  -1.37724   -1.4953  -2.34637  -2.64019  0.667245  0.468869
       -0        -0        -0        -0        -0        -0        -0        -0        -0        -0 -0.585198  -1.48385  -2.70743 -0.494671   -1.4953  0.593373  -2.27314  0.756386  -1.01531 -0.539797
       -0        -0        -0        -0        -0        -0        -0        -0        -0        -0  -2.97938  0.653215  -1.06068   -1.2281  -2.34637  -2.27314  -1.39472  0.824881 -0.814723  -1.92388
       -0        -0        -0        -0        -0        -0        -0        -0        -0        -0  -1.49158  -1.33736  -0.86637 -0.559134  -2.64019  0.756386  0.824881 -0.914854  -2.33565  -1.92585
       -0        -0        -0        -0        -0        -0        -0        -0        -0        -0 -0.700666  -1.83808  -2.52001 -0.408096  0.667245  -1.01531 -0.814723  -2.33565  -1.32364  -1.28494
       -0        -0        -0        -0        -0        -0        -0        -0        -0        -0 -0.590052  -1.30303  -1.19343  -2.65074  0.468869 -0.539797  -1.92388  -1.92585  -1.28494  -2.77452
 0.616724   2.54694   1.43706   2.42528   1.97203  0.180196  0.382897   2.08782 -0.536048    2.8452        -0        -0        -0        -0        -0        -0        -0        -0        -0        -0
  2.54694  0.367596 0.0761374   1.78263    0.6251   1.12692   2.30526  -0.69211  0.531831  0.395808        -0        -0        -0        -0        -0        -0        -0        -0        -0        -0
  1.43706 0.0761374  0.708922  0.231736 -0.676239   2.50236 0.0777066  0.885287 -0.672174   2.38079        -0        -0        -0        -0        -0        -0        -0        -0        -0        -0
   2.42528    1.78263   0.231736    0.53716     1.7897    1.88912    1.61463    2.41158    2.96631 -0.0770958         -0         -0         -0         -0         -0         -0         -0         -0         -0         -0
  1.97203    0.6251 -0.676239    1.7897 -0.307953    1.7574  -0.15758   2.09759 -0.579051 -0.989559        -0        -0        -0        -0        -0        -0        -0        -0        -0        -0
 0.180196   1.12692   2.50236   1.88912    1.7574 -0.770767   2.34343   1.57733   2.08523 -0.776792        -0        -0        -0        -0        -0        -0        -0        -0        -0        -0
 0.382897   2.30526 0.0777066   1.61463  -0.15758   2.34343   1.18202   1.51104 -0.804457 -0.733665        -0        -0        -0        -0        -0        -0        -0        -0        -0        -0
 2.08782 -0.69211 0.885287  2.41158  2.09759  1.57733  1.51104  1.03773 0.550121  1.19246       -0       -0       -0       -0       -0       -0       -0       -0       -0       -0
-0.536048  0.531831 -0.672174   2.96631 -0.579051   2.08523 -0.804457  0.550121 -0.987089 -0.645135        -0        -0        -0        -0        -0        -0        -0        -0        -0        -0
    2.8452   0.395808    2.38079 -0.0770958  -0.989559  -0.776792  -0.733665    1.19246  -0.645135   0.602198         -0         -0         -0         -0         -0         -0         -0         -0         -0         -0
       -0        -0        -0        -0        -0        -0        -0        -0        -0        -0 -0.616724  -2.54694  -1.43706  -2.42528  -1.97203 -0.180196 -0.382897  -2.08782  0.536048   -2.8452
        -0         -0         -0         -0         -0         -0         -0         -0         -0         -0   -2.54694  -0.367596 -0.0761374   -1.78263    -0.6251   -1.12692   -2.30526    0.69211  -0.531831  -0.395808
        -0         -0         -0         -0         -0         -0         -0         -0         -0         -0   -1.43706 -0.0761374  -0.708922  -0.231736   0.676239   -2.50236 -0.0777066  -0.885287   0.672174   -2.38079
       -0        -0        -0        -0        -0        -0        -0        -0        -0        -0  -2.42528  -1.78263 -0.231736  -0.53716   -1.7897  -1.88912  -1.61463  -2.41158  -2.96631 0.0770958
      -0       -0       -0       -0       -0       -0       -0       -0       -0       -0 -1.97203  -0.6251 0.676239  -1.7897 0.307953  -1.7574  0.15758 -2.09759 0.579051 0.989559
       -0        -0        -0        -0        -0        -0        -0        -0        -0        -0 -0.180196  -1.12692  -2.50236  -1.88912   -1.7574  0.770767  -2.34343  -1.57733  -2.08523  0.776792
        -0         -0         -0         -0         -0         -0         -0         -0         -0         -0  -0.382897   -2.30526 -0.0777066   -1.61463    0.15758   -2.34343   -1.18202   -1.51104   0.804457   0.733665
       -0        -0        -0        -0        -0        -0        -0        -0        -0        -0  -2.08782   0.69211 -0.885287  -2.41158  -2.09759  -1.57733  -1.51104  -1.03773 -0.550121  -1.19246
       -0        -0        -0        -0        -0        -0        -0        -0        -0        -0  0.536048 -0.531831  0.672174  -2.96631  0.579051  -2.08523  0.804457 -0.550121  0.987089  0.645135
       -0        -0        -0        -0        -0        -0        -0        -0        -0        -0   -2.8452 -0.395808  -2.38079 0.0770958  0.989559  0.776792  0.733665  -1.19246  0.645135 -0.602198
  1.45265   2.56621   2.74674  0.406442   2.56365 -0.200451    2.9565   1.72585 -0.241386   2.79466        -0        -0        -0        -0        -0        -0        -0        -0        -0        -0
  2.56621   2.50936     1.615 0.0435385   1.93407  0.772621   2.71548   1.46226 -0.155675 -0.134459        -0        -0        -0        -0        -0        -0        -0        -0        -0        -0
  2.74674     1.615 -0.612016   2.14829   1.87899   1.96689  0.220383   2.40929   2.75799 -0.745174        -0        -0        -0        -0        -0        -0        -0        -0        -0        -0
 0.406442 0.0435385   2.14829   2.31653 -0.637609  0.187532   2.10479  0.604833    2.7255 0.0150419        -0        -0        -0        -0        -0        -0        -0        -0        -0        -0
   2.56365    1.93407    1.87899  -0.637609    1.82811 -0.0998459    2.03201    1.82465    1.03186    2.97033         -0         -0         -0         -0         -0         -0         -0         -0         -0         -0
 -0.200451   0.772621    1.96689   0.187532 -0.0998459     1.5048    1.60186     1.2374  -0.341856    2.28684         -0         -0         -0         -0         -0         -0         -0         -0         -0         -0
  2.9565  2.71548 0.220383  2.10479  2.03201  1.60186 0.107354  2.95949   1.2303   2.6169       -0       -0       -0       -0       -0       -0       -0       -0       -0       -0
  1.72585   1.46226   2.40929  0.604833   1.82465    1.2374   2.95949 -0.593271   2.61781 0.0776873        -0        -0        -0        -0        -0        -0        -0        -0        -0        -0
 -0.241386  -0.155675    2.75799     2.7255    1.03186  -0.341856     1.2303    2.61781 -0.0909603    1.64306         -0         -0         -0         -0         -0         -0         -0         -0         -0         -0
  2.79466 -0.134459 -0.745174 0.0150419   2.97033   2.28684    2.6169 0.0776873   1.64306   1.51551        -0        -0        -0        -0        -0        -0        -0        -0        -0        -0
       -0        -0        -0        -0        -0        -0        -0        -0        -0        -0  -1.45265  -2.56621  -2.74674 -0.406442  -2.56365  0.200451   -2.9565  -1.72585  0.241386  -2.79466
        -0         -0         -0         -0         -0         -0         -0         -0         -0         -0   -2.56621   -2.50936     -1.615 -0.0435385   -1.93407  -0.772621   -2.71548   -1.46226   0.155675   0.134459
       -0        -0        -0        -0        -0        -0        -0        -0        -0        -0  -2.74674    -1.615  0.612016  -2.14829  -1.87899  -1.96689 -0.220383  -2.40929  -2.75799  0.745174
        -0         -0         -0         -0         -0         -0         -0         -0         -0         -0  -0.406442 -0.0435385   -2.14829   -2.31653   0.637609  -0.187532   -2.10479  -0.604833    -2.7255 -0.0150419
       -0        -0        -0        -0        -0        -0        -0        -0        -0        -0  -2.56365  -1.93407  -1.87899  0.637609  -1.82811 0.0998459  -2.03201  -1.82465  -1.03186  -2.97033
       -0        -0        -0        -0        -0        -0        -0        -0        -0        -0  0.200451 -0.772621  -1.96689 -0.187532 0.0998459   -1.5048  -1.60186   -1.2374  0.341856  -2.28684
       -0        -0        -0        -0        -0        -0        -0        -0        -0        -0   -2.9565  -2.71548 -0.220383  -2.10479  -2.03201  -1.60186 -0.107354  -2.95949   -1.2303   -2.6169
        -0         -0         -0         -0         -0         -0         -0         -0         -0         -0   -1.72585   -1.46226   -2.40929  -0.604833   -1.82465    -1.2374   -2.95949   0.593271   -2.61781 -0.0776873
       -0        -0        -0        -0        -0        -0        -0        -0        -0        -0  0.241386  0.155675  -2.75799   -2.7255  -1.03186  0.341856   -1.2303  -2.61781 0.0909603  -1.64306
        -0         -0         -0         -0         -0         -0         -0         -0         -0         -0   -2.79466   0.134459   0.745174 -0.0150419   -2.97033   -2.28684    -2.6169 -0.0776873   -1.64306   -1.51551
  0.552907 -0.0813975    2.46291  -0.319514   0.116432    1.09723    1.08728  -0.220595   0.409626  -0.734566         -0         -0         -0         -0         -0         -0         -0         -0         -0         -0
-0.0813975 -0.0322365   0.533035   0.710245   0.842122   0.717333    2.99065    2.81471    1.32915     1.6816         -0         -0         -0         -0         -0         -0         -0         -0         -0         -0
  2.46291  0.533035   2.10932   2.01655   1.63759   1.59711   1.15378  0.859755    1.7196 -0.547262        -0        -0        -0        -0        -0        -0        -0        -0        -0        -0
-0.319514  0.710245   2.01655  0.658255  0.205138  0.206547  0.103827   2.41699 -0.993264   1.41922        -0        -0        -0        -0        -0        -0        -0        -0        -0        -0
 0.116432  0.842122   1.63759  0.205138   1.51872  0.435069  0.648905 0.0198497    2.5357   2.78542        -0        -0        -0        -0        -0        -0        -0        -0        -0        -0
  1.09723  0.717333   1.59711  0.206547  0.435069  0.145187 -0.173771  -0.62153 -0.845328   1.10164        -0        -0        -0        -0        -0        -0        -0        -0        -0        -0
  1.08728   2.99065   1.15378  0.103827  0.648905 -0.173771   2.09411   1.74785  0.151923   2.24544        -0        -0        -0        -0        -0        -0        -0        -0        -0        -0
-0.220595   2.81471  0.859755   2.41699 0.0198497  -0.62153   1.74785  -0.65445    2.8219   1.87954        -0        -0        -0        -0        -0        -0        -0        -0        -0        -0
 0.409626   1.32915    1.7196 -0.993264    2.5357 -0.845328  0.151923    2.8219 -0.405684  0.211223        -0        -0        -0        -0        -0        -0        -0        -0        -0        -0
-0.734566    1.6816 -0.547262   1.41922   2.78542   1.10164   2.24544   1.87954  0.211223  0.943725        -0        -0        -0        -0        -0        -0        -0        -0        -0        -0
       -0        -0        -0        -0        -0        -0        -0        -0        -0        -0 -0.552907 0.0813975  -2.46291  0.319514 -0.116432  -1.09723  -1.08728  0.220595 -0.409626  0.734566
       -0        -0        -0        -0        -0        -0        -0        -0        -0        -0 0.0813975 0.0322365 -0.533035 -0.710245 -0.842122 -0.717333  -2.99065  -2.81471  -1.32915   -1.6816
       -0        -0        -0        -0        -0        -0        -0        -0        -0        -0  -2.46291 -0.533035  -2.10932  -2.01655  -1.63759  -1.59711  -1.15378 -0.859755   -1.7196  0.547262
       -0        -0        -0        -0        -0        -0        -0        -0        -0        -0  0.319514 -0.710245  -2.01655 -0.658255 -0.205138 -0.206547 -0.103827  -2.41699  0.993264  -1.41922
        -0         -0         -0         -0         -0         -0         -0         -0         -0         -0  -0.116432  -0.842122   -1.63759  -0.205138   -1.51872  -0.435069  -0.648905 -0.0198497    -2.5357   -2.78542
       -0        -0        -0        -0        -0        -0        -0        -0        -0        -0  -1.09723 -0.717333  -1.59711 -0.206547 -0.435069 -0.145187  0.173771   0.62153  0.845328  -1.10164
       -0        -0        -0        -0        -0        -0        -0        -0        -0        -0  -1.08728  -2.99065  -1.15378 -0.103827 -0.648905  0.173771  -2.09411  -1.74785 -0.151923  -2.24544
        -0         -0         -0         -0         -0         -0         -0         -0         -0         -0   0.220595   -2.81471  -0.859755   -2.41699 -0.0198497    0.62153   -1.74785    0.65445    -2.8219   -1.87954
       -0        -0        -0        -0        -0        -0        -0        -0        -0        -0 -0.409626  -1.32915   -1.7196  0.993264   -2.5357  0.845328 -0.151923   -2.8219  0.405684 -0.211223
       -0        -0        -0        -0        -0        -0        -0        -0        -0        -0  0.734566   -1.6816  0.547262  -1.41922  -2.78542  -1.10164  -2.24544  -1.87954 -0.211223 -0.943725
  1.89717   0.15774   1.15421   1.92789 -0.870305   2.16696  -0.25621  0.822047  0.927146  0.877566        -0        -0        -0        -0        -0        -0        -0        -0        -0        -0
   0.15774  -0.466538     2.3195  -0.129942    1.63127    2.50844    2.08267 -0.0697572    1.29331    2.15188         -0         -0         -0         -0         -0         -0         -0         -0         -0         -0
  1.15421    2.3195   2.30793   2.91044   2.12191  0.431904 -0.588812    1.0771  0.468726  0.767122        -0        -0        -0        -0        -0        -0        -0        -0        -0        -0
  1.92789 -0.129942   2.91044 -0.313677   2.82617   1.47489 -0.345768 -0.056045   2.35905   1.28875        -0        -0        -0        -0        -0        -0        -0        -0        -0        -0
-0.870305   1.63127   2.12191   2.82617   1.50862   1.11539   2.76899 -0.243592 -0.231805   2.80611        -0        -0        -0        -0        -0        -0        -0        -0        -0        -0
  2.16696   2.50844  0.431904   1.47489   1.11539   2.17062   1.03817 -0.414286   2.58411  0.536114        -0        -0        -0        -0        -0        -0        -0        -0        -0        -0
 -0.25621   2.08267 -0.588812 -0.345768   2.76899   1.03817  0.972295 -0.393939   1.52967 -0.673076        -0        -0        -0        -0        -0        -0        -0        -0        -0        -0
  0.822047 -0.0697572     1.0771  -0.056045  -0.243592  -0.414286  -0.393939    2.81474    1.33644   0.778406         -0         -0         -0         -0         -0         -0         -0         -0         -0         -0
 0.927146   1.29331  0.468726   2.35905 -0.231805   2.58411   1.52967   1.33644   1.40809 -0.230284        -0        -0        -0        -0        -0        -0        -0        -0        -0        -0
 0.877566   2.15188  0.767122   1.28875   2.80611  0.536114 -0.673076  0.778406 -0.230284  0.127471        -0        -0        -0        -0        -0        -0        -0        -0        -0        -0
       -0        -0        -0        -0        -0        -0        -0        -0        -0        -0  -1.89717  -0.15774  -1.15421  -1.92789  0.870305  -2.16696   0.25621 -0.822047 -0.927146 -0.877566
       -0        -0        -0        -0        -0        -0        -0        -0        -0        -0  -0.15774  0.466538   -2.3195  0.129942  -1.63127  -2.50844  -2.08267 0.0697572  -1.29331  -2.15188
       -0        -0        -0        -0        -0        -0        -0        -0        -0        -0  -1.15421   -2.3195  -2.30793  -2.91044  -2.12191 -0.431904  0.588812   -1.0771 -0.468726 -0.767122
      -0       -0       -0       -0       -0       -0       -0       -0       -0       -0 -1.92789 0.129942 -2.91044 0.313677 -2.82617 -1.47489 0.345768 0.056045 -2.35905 -1.28875
      -0       -0       -0       -0       -0       -0       -0       -0       -0       -0 0.870305 -1.63127 -2.12191 -2.82617 -1.50862 -1.11539 -2.76899 0.243592 0.231805 -2.80611
       -0        -0        -0        -0        -0        -0        -0        -0        -0        -0  -2.16696  -2.50844 -0.431904  -1.47489  -1.11539  -2.17062  -1.03817  0.414286  -2.58411 -0.536114
       -0        -0        -0        -0        -0        -0        -0        -0        -0        -0   0.25621  -2.08267  0.588812  0.345768  -2.76899  -1.03817 -0.972295  0.393939  -1.52967  0.673076
       -0        -0        -0        -0        -0        -0        -0        -0        -0        -0 -0.822047 0.0697572   -1.0771  0.056045  0.243592  0.414286  0.393939  -2.81474  -1.33644 -0.778406
       -0        -0        -0        -0        -0        -0        -0        -0        -0        -0 -0.927146  -1.29331 -0.468726  -2.35905  0.231805  -2.58411  -1.52967  -1.33644  -1.40809  0.230284
       -0        -0        -0        -0        -0        -0        -0        -0        -0        -0 -0.877566  -2.15188 -0.767122  -1.28875  -2.80611 -0.536114  0.673076 -0.778406  0.230284 -0.127471
 0.224233   1.10207  0.129187   1.03204   0.72539   0.86216   1.10861   2.84785   0.84074 -0.344959        -0        -0        -0        -0        -0        -0        -0        -0        -0        -0
  1.10207 -0.443987   1.28889   2.52362  0.573466  0.577743   2.32146 -0.816629  0.582585  0.455872        -0        -0        -0        -0        -0        -0        -0        -0        -0        -0
  0.129187    1.28889  -0.285127     2.7939    1.08876     2.8072 -0.0789725      1.277   0.966731    1.64367         -0         -0         -0         -0         -0         -0         -0         -0         -0         -0
  1.03204   2.52362    2.7939 -0.910242   2.03209   1.57703  0.902516  0.936609   0.64794  0.576068        -0        -0        -0        -0        -0        -0        -0        -0        -0        -0
  0.72539  0.573466   1.08876   2.03209   0.14426 -0.525948   2.41122   2.21546 -0.840382   2.35839        -0        -0        -0        -0        -0        -0        -0        -0        -0        -0
  0.86216  0.577743    2.8072   1.57703 -0.525948 -0.615152   2.74598   2.42126   1.44078   1.05489        -0        -0        -0        -0        -0        -0        -0        -0        -0        -0
   1.10861    2.32146 -0.0789725   0.902516    2.41122    2.74598   0.232135    2.94043    1.03279   0.322049         -0         -0         -0         -0         -0         -0         -0         -0         -0         -0
  2.84785 -0.816629     1.277  0.936609   2.21546   2.42126   2.94043 -0.677565   2.25763 -0.409477        -0        -0        -0        -0        -0        -0        -0        -0        -0        -0
  0.84074  0.582585  0.966731   0.64794 -0.840382   1.44078   1.03279   2.25763   2.34726 -0.630003        -0        -0        -0        -0        -0        -0        -0        -0        -0        -0
-0.344959  0.455872   1.64367  0.576068   2.35839   1.05489  0.322049 -0.409477 -0.630003   2.78003        -0        -0        -0        -0        -0        -0        -0        -0        -0        -0
       -0        -0        -0        -0        -0        -0        -0        -0        -0        -0 -0.224233  -1.10207 -0.129187  -1.03204  -0.72539  -0.86216  -1.10861  -2.84785  -0.84074  0.344959
       -0        -0        -0        -0        -0        -0        -0        -0        -0        -0  -1.10207  0.443987  -1.28889  -2.52362 -0.573466 -0.577743  -2.32146  0.816629 -0.582585 -0.455872
       -0        -0        -0        -0        -0        -0        -0        -0        -0        -0 -0.129187  -1.28889  0.285127   -2.7939  -1.08876   -2.8072 0.0789725    -1.277 -0.966731  -1.64367
       -0        -0        -0        -0        -0        -0        -0        -0        -0        -0  -1.03204  -2.52362   -2.7939  0.910242  -2.03209  -1.57703 -0.902516 -0.936609  -0.64794 -0.576068
       -0        -0        -0        -0        -0        -0        -0        -0        -0        -0  -0.72539 -0.573466  -1.08876  -2.03209  -0.14426  0.525948  -2.41122  -2.21546  0.840382  -2.35839
       -0        -0        -0        -0        -0        -0        -0        -0        -0        -0  -0.86216 -0.577743   -2.8072  -1.57703  0.525948  0.615152  -2.74598  -2.42126  -1.44078  -1.05489
       -0        -0        -0        -0        -0        -0        -0        -0        -0        -0  -1.10861  -2.32146 0.0789725 -0.902516  -2.41122  -2.74598 -0.232135  -2.94043  -1.03279 -0.322049
       -0        -0        -0        -0        -0        -0        -0        -0        -0        -0  -2.84785  0.816629    -1.277 -0.936609  -2.21546  -2.42126  -2.94043  0.677565  -2.25763  0.409477
       -0        -0        -0        -0        -0        -0        -0        -0        -0        -0  -0.84074 -0.582585 -0.966731  -0.64794  0.840382  -1.44078  -1.03279  -2.25763  -2.34726  0.630003
       -0        -0        -0        -0        -0        -0        -0        -0        -0        -0  0.344959 -0.455872  -1.64367 -0.576068  -2.35839  -1.05489 -0.322049  0.409477  0.630003  -2.78003
 0.294056   1.48387 -0.655029   2.04576   1.21359   0.94524 -0.165219   1.18574   2.64576  0.632889        -0        -0        -0        -0        -0        -0        -0        -0        -0        -0
   1.48387   0.342034  -0.632383 -0.0625147  -0.635399    2.38906    2.29923    2.49656    1.96437  -0.694703         -0         -0         -0         -0         -0         -0         -0         -0         -0         -0
-0.655029 -0.632383   2.69452  0.631383   2.03135   2.04405   0.27358  -0.50267  0.671567   2.23024        -0        -0        -0        -0        -0        -0        -0        -0        -0        -0
   2.04576 -0.0625147   0.631383    2.00917    1.50891   0.639759    1.46616    0.21709    1.68981    1.90647         -0         -0         -0         -0         -0         -0         -0         -0         -0         -0
  1.21359 -0.635399   2.03135   1.50891 -0.184794   1.37771    1.3084   1.00548  -0.39587   1.77146        -0        -0        -0        -0        -0        -0        -0        -0        -0        -0
  0.94524   2.38906   2.04405  0.639759   1.37771 -0.012268   0.78212  0.312537 -0.950728  0.538634        -0        -0        -0        -0        -0        -0        -0        -0        -0        -0
-0.165219   2.29923   0.27358   1.46616    1.3084   0.78212     1.252   2.23842   2.67754 -0.311412        -0        -0        -0        -0        -0        -0        -0        -0        -0        -0
   1.18574    2.49656   -0.50267    0.21709    1.00548   0.312537    2.23842 -0.0306674   0.296795  0.0234644         -0         -0         -0         -0         -0         -0         -0         -0         -0         -0
  2.64576   1.96437  0.671567   1.68981  -0.39587 -0.950728   2.67754  0.296795   2.47052   1.03505        -0        -0        -0        -0        -0        -0        -0        -0        -0        -0
 0.632889 -0.694703   2.23024   1.90647   1.77146  0.538634 -0.311412 0.0234644   1.03505  0.971561        -0        -0        -0        -0        -0        -0        -0        -0        -0        -0
       -0        -0        -0        -0        -0        -0        -0        -0        -0        -0 -0.294056  -1.48387  0.655029  -2.04576  -1.21359  -0.94524  0.165219  -1.18574  -2.64576 -0.632889
       -0        -0        -0        -0        -0        -0        -0        -0        -0        -0  -1.48387 -0.342034  0.632383 0.0625147  0.635399  -2.38906  -2.29923  -2.49656  -1.96437  0.694703
       -0        -0        -0        -0        -0        -0        -0        -0        -0        -0  0.655029  0.632383  -2.69452 -0.631383  -2.03135  -2.04405  -0.27358   0.50267 -0.671567  -2.23024
       -0        -0        -0        -0        -0        -0        -0        -0        -0        -0  -2.04576 0.0625147 -0.631383  -2.00917  -1.50891 -0.639759  -1.46616  -0.21709  -1.68981  -1.90647
      -0       -0       -0       -0       -0       -0       -0       -0       -0       -0 -1.21359 0.635399 -2.03135 -1.50891 0.184794 -1.37771  -1.3084 -1.00548  0.39587 -1.77146
       -0        -0        -0        -0        -0        -0        -0        -0        -0        -0  -0.94524  -2.38906  -2.04405 -0.639759  -1.37771  0.012268  -0.78212 -0.312537  0.950728 -0.538634
      -0       -0       -0       -0       -0       -0       -0       -0       -0       -0 0.165219 -2.29923 -0.27358 -1.46616  -1.3084 -0.78212   -1.252 -2.23842 -2.67754 0.311412
        -0         -0         -0         -0         -0         -0         -0         -0         -0         -0   -1.18574   -2.49656    0.50267   -0.21709   -1.00548  -0.312537   -2.23842  0.0306674  -0.296795 -0.0234644
       -0        -0        -0        -0        -0        -0        -0        -0        -0        -0  -2.64576  -1.96437 -0.671567  -1.68981   0.39587  0.950728  -2.67754 -0.296795  -2.47052  -1.03505
        -0         -0         -0         -0         -0         -0         -0         -0         -0         -0  -0.632889   0.694703   -2.23024   -1.90647   -1.77146  -0.538634   0.311412 -0.0234644   -1.03505  -0.971561
 0.156194    1.9588   1.38706 -0.950006   1.01135   2.94493    2.1092   2.31124   2.22249  -0.85842        -0        -0        -0        -0        -0        -0        -0        -0        -0        -0
   1.9588 -0.911301   1.48338  0.406575   1.48476  0.144979   2.36674 -0.618127 -0.763799 -0.170955        -0        -0        -0        -0        -0        -0        -0        -0        -0        -0
  1.38706   1.48338 -0.544545   0.41178  0.523355   2.84847  0.284261  0.381362 0.0393503   1.99276        -0        -0        -0        -0        -0        -0        -0        -0        -0        -0
 -0.950006   0.406575    0.41178   0.518119 -0.0390851  -0.599612  -0.479018   -0.16541    2.07096   0.425841         -0         -0         -0         -0         -0         -0         -0         -0         -0         -0
   1.01135    1.48476   0.523355 -0.0390851    2.11513    1.76228  -0.115141   0.342787  -0.363411   0.350027         -0         -0         -0         -0         -0         -0         -0         -0         -0         -0
  2.94493  0.144979   2.84847 -0.599612   1.76228  0.238314  -0.65564 -0.503505   2.80163   2.87762        -0        -0        -0        -0        -0        -0        -0        -0        -0        -0
   2.1092   2.36674  0.284261 -0.479018 -0.115141  -0.65564   2.37064  0.136455 -0.690728  0.770201        -0        -0        -0        -0        -0        -0        -0        -0        -0        -0
  2.31124 -0.618127  0.381362  -0.16541  0.342787 -0.503505  0.136455  0.857394 -0.736106 -0.279331        -0        -0        -0        -0        -0        -0        -0        -0        -0        -0
  2.22249 -0.763799 0.0393503   2.07096 -0.363411   2.80163 -0.690728 -0.736106  0.719843  0.754197        -0        -0        -0        -0        -0        -0        -0        -0        -0        -0
 -0.85842 -0.170955   1.99276  0.425841  0.350027   2.87762  0.770201 -0.279331  0.754197 -0.859279        -0        -0        -0        -0        -0        -0        -0        -0        -0        -0
       -0        -0        -0        -0        -0        -0        -0        -0        -0        -0 -0.156194   -1.9588  -1.38706  0.950006  -1.01135  -2.94493   -2.1092  -2.31124  -2.22249   0.85842
       -0        -0        -0        -0        -0        -0        -0        -0        -0        -0   -1.9588  0.911301  -1.48338 -0.406575  -1.48476 -0.144979  -2.36674  0.618127  0.763799  0.170955
        -0         -0         -0         -0         -0         -0         -0         -0         -0         -0   -1.38706   -1.48338   0.544545   -0.41178  -0.523355   -2.84847  -0.284261  -0.381362 -0.0393503   -1.99276
       -0        -0        -0        -0        -0        -0        -0        -0        -0        -0  0.950006 -0.406575  -0.41178 -0.518119 0.0390851  0.599612  0.479018   0.16541  -2.07096 -0.425841
       -0        -0        -0        -0        -0        -0        -0        -0        -0        -0  -1.01135  -1.48476 -0.523355 0.0390851  -2.11513  -1.76228  0.115141 -0.342787  0.363411 -0.350027
       -0        -0        -0        -0        -0        -0        -0        -0        -0        -0  -2.94493 -0.144979  -2.84847  0.599612  -1.76228 -0.238314   0.65564  0.503505  -2.80163  -2.87762
       -0        -0        -0        -0        -0        -0        -0        -0        -0        -0   -2.1092  -2.36674 -0.284261  0.479018  0.115141   0.65564  -2.37064 -0.136455  0.690728 -0.770201
       -0        -0        -0        -0        -0        -0        -0        -0        -0        -0  -2.31124  0.618127 -0.381362   0.16541 -0.342787  0.503505 -0.136455 -0.857394  0.736106  0.279331
        -0         -0         -0         -0         -0         -0         -0         -0         -0         -0   -2.22249   0.763799 -0.0393503   -2.07096   0.363411   -2.80163   0.690728   0.736106  -0.719843  -0.754197
       -0        -0        -0        -0        -0        -0        -0        -0        -0        -0   0.85842  0.170955  -1.99276 -0.425841 -0.350027  -2.87762 -0.770201  0.279331 -0.754197  0.859279
  2.61727   1.93085  0.951512   1.40142 -0.711161 -0.257428   1.09291 -0.663431   1.10849   2.75817        -0        -0        -0        -0        -0        -0        -0        -0        -0        -0
  1.93085   1.94526   2.06466 -0.991316   2.50887  0.750664 -0.889016   1.93273    1.8354   2.12214        -0        -0        -0        -0        -0        -0        -0        -0        -0        -0
0.951512  2.06466  1.32072  2.64152  2.45744  1.95836  2.13413  2.36286  1.81748  1.33626       -0       -0       -0       -0       -0       -0       -0       -0       -0       -0
  1.40142 -0.991316   2.64152   1.92402   1.31144   2.06329  0.734426   2.79401 0.0668503    1.8923        -0        -0        -0        -0        -0        -0        -0        -0        -0        -0
-0.711161   2.50887   2.45744   1.31144   2.47907   1.69493     2.035  0.244167  0.898687 -0.143432        -0        -0        -0        -0        -0        -0        -0        -0        -0        -0
-0.257428  0.750664   1.95836   2.06329   1.69493   2.44886  -0.85855   1.84193  0.512413  0.371258        -0        -0        -0        -0        -0        -0        -0        -0        -0        -0
  1.09291 -0.889016   2.13413  0.734426     2.035  -0.85855   2.27597  0.267664 -0.484289   2.03375        -0        -0        -0        -0        -0        -0        -0        -0        -0        -0
-0.663431   1.93273   2.36286   2.79401  0.244167   1.84193  0.267664   1.21479 -0.367278 -0.867464        -0        -0        -0        -0        -0        -0        -0        -0        -0        -0
  1.10849    1.8354   1.81748 0.0668503  0.898687  0.512413 -0.484289 -0.367278  0.029235  0.195655        -0        -0        -0        -0        -0        -0        -0        -0        -0        -0
  2.75817   2.12214   1.33626    1.8923 -0.143432  0.371258   2.03375 -0.867464  0.195655  0.677648        -0        -0        -0        -0        -0        -0        -0        -0        -0        -0
       -0        -0        -0        -0        -0        -0        -0        -0        -0        -0  -2.61727  -1.93085 -0.951512  -1.40142  0.711161  0.257428  -1.09291  0.663431  -1.10849  -2.75817
       -0        -0        -0        -0        -0        -0        -0        -0        -0        -0  -1.93085  -1.94526  -2.06466  0.991316  -2.50887 -0.750664  0.889016  -1.93273   -1.8354  -2.12214
       -0        -0        -0        -0        -0        -0        -0        -0        -0        -0 -0.951512  -2.06466  -1.32072  -2.64152  -2.45744  -1.95836  -2.13413  -2.36286  -1.81748  -1.33626
        -0         -0         -0         -0         -0         -0         -0         -0         -0         -0   -1.40142   0.991316   -2.64152   -1.92402   -1.31144   -2.06329  -0.734426   -2.79401 -0.0668503    -1.8923
       -0        -0        -0        -0        -0        -0        -0        -0        -0        -0  0.711161  -2.50887  -2.45744  -1.31144  -2.47907  -1.69493    -2.035 -0.244167 -0.898687  0.143432
       -0        -0        -0        -0        -0        -0        -0        -0        -0        -0  0.257428 -0.750664  -1.95836  -2.06329  -1.69493  -2.44886   0.85855  -1.84193 -0.512413 -0.371258
       -0        -0        -0        -0        -0        -0        -0        -0        -0        -0  -1.09291  0.889016  -2.13413 -0.734426    -2.035   0.85855  -2.27597 -0.267664  0.484289  -2.03375
       -0        -0        -0        -0        -0        -0        -0        -0        -0        -0  0.663431  -1.93273  -2.36286  -2.79401 -0.244167  -1.84193 -0.267664  -1.21479  0.367278  0.867464
        -0         -0         -0         -0         -0         -0         -0         -0         -0         -0   -1.10849    -1.8354   -1.81748 -0.0668503  -0.898687  -0.512413   0.484289   0.367278  -0.029235  -0.195655
       -0        -0        -0        -0        -0        -0        -0        -0        -0        -0  -2.75817  -2.12214  -1.33626   -1.8923  0.143432 -0.371258  -2.03375  0.867464 -0.195655 -0.677648
  2.98652   2.66071  0.985659 0.0128156   1.94242   2.49051   2.61954   2.43762   1.82064 -0.402155        -0        -0        -0        -0        -0        -0        -0        -0        -0        -0
   2.66071    1.17782   0.409109   0.117605  -0.998113    1.71562    1.78961  -0.052579     1.5722 -0.0345606         -0         -0         -0         -0         -0         -0         -0         -0         -0         -0
 0.985659  0.409109 -0.858022 -0.578945  0.724898   1.14021   1.87972   1.13094  0.577662   2.96889        -0        -0        -0        -0        -0        -0        -0        -0        -0        -0
 0.0128156   0.117605  -0.578945   0.623195    1.06195    2.63249  -0.959408   0.162518 -0.0391443    2.47757         -0         -0         -0         -0         -0         -0         -0         -0         -0         -0
   1.94242  -0.998113   0.724898    1.06195    1.48007    2.03753  -0.587195    2.00937    1.20469 0.00603177         -0         -0         -0         -0         -0         -0         -0         -0         -0         -0
  2.49051   1.71562   1.14021   2.63249   2.03753   1.44163   2.34671 -0.388983 -0.384806 -0.618309        -0        -0        -0        -0        -0        -0        -0        -0        -0        -0
  2.61954   1.78961   1.87972 -0.959408 -0.587195   2.34671  0.787877   1.13209   2.40248   1.82427        -0        -0        -0        -0        -0        -0        -0        -0        -0        -0
  2.43762 -0.052579   1.13094  0.162518   2.00937 -0.388983   1.13209   1.08954   1.83573   1.79391        -0        -0        -0        -0        -0        -0        -0        -0        -0        -0
   1.82064     1.5722   0.577662 -0.0391443    1.20469  -0.384806    2.40248    1.83573   0.345902  -0.727764         -0         -0         -0         -0         -0         -0         -0         -0         -0         -0
 -0.402155 -0.0345606    2.96889    2.47757 0.00603177  -0.618309    1.82427    1.79391  -0.727764  -0.170727         -0         -0         -0         -0         -0         -0         -0         -0         -0         -0
        -0         -0         -0         -0         -0         -0         -0         -0         -0         -0   -2.98652   -2.66071  -0.985659 -0.0128156   -1.94242   -2.49051   -2.61954   -2.43762   -1.82064   0.402155
       -0        -0        -0        -0        -0        -0        -0        -0        -0        -0  -2.66071  -1.17782 -0.409109 -0.117605  0.998113  -1.71562  -1.78961  0.052579   -1.5722 0.0345606
       -0        -0        -0        -0        -0        -0        -0        -0        -0        -0 -0.985659 -0.409109  0.858022  0.578945 -0.724898  -1.14021  -1.87972  -1.13094 -0.577662  -2.96889
        -0         -0         -0         -0         -0         -0         -0         -0         -0         -0 -0.0128156  -0.117605   0.578945  -0.623195   -1.06195   -2.63249   0.959408  -0.162518  0.0391443   -2.47757
         -0          -0          -0          -0          -0          -0          -0          -0          -0          -0    -1.94242    0.998113   -0.724898    -1.06195    -1.48007    -2.03753    0.587195    -2.00937    -1.20469 -0.00603177
      -0       -0       -0       -0       -0       -0       -0       -0       -0       -0 -2.49051 -1.71562 -1.14021 -2.63249 -2.03753 -1.44163 -2.34671 0.388983 0.384806 0.618309
       -0        -0        -0        -0        -0        -0        -0        -0        -0        -0  -2.61954  -1.78961  -1.87972  0.959408  0.587195  -2.34671 -0.787877  -1.13209  -2.40248  -1.82427
       -0        -0        -0        -0        -0        -0        -0        -0        -0        -0  -2.43762  0.052579  -1.13094 -0.162518  -2.00937  0.388983  -1.13209  -1.08954  -1.83573  -1.79391
       -0        -0        -0        -0        -0        -0        -0        -0        -0        -0  -1.82064   -1.5722 -0.577662 0.0391443  -1.20469  0.384806  -2.40248  -1.83573 -0.345902  0.727764
         -0          -0          -0          -0          -0          -0          -0          -0          -0          -0    0.402155   0.0345606    -2.96889    -2.47757 -0.00603177    0.618309    -1.82427    -1.79391    0.727764    0.170727
-0.0770362   0.866509    2.23886     1.0882  -0.440947    1.22368    2.83723    -0.4581  -0.205744    2.12431         -0         -0         -0         -0         -0         -0         -0         -0         -0         -0
  0.866509   0.696248    1.95708    2.09361   0.314876   0.178365   -0.50052   0.754381  -0.582958 -0.0386063         -0         -0         -0         -0         -0         -0         -0         -0         -0         -0
  2.23886   1.95708   1.37071   2.57153  0.222813    1.7177  0.235374 -0.384092 -0.237502   2.57508        -0        -0        -0        -0        -0        -0        -0        -0        -0        -0
   1.0882   2.09361   2.57153   2.86489  0.877872 -0.405618   2.40876  0.764713   2.51196 -0.640319        -0        -0        -0        -0        -0        -0        -0        -0        -0        -0
-0.440947  0.314876  0.222813  0.877872 -0.240954 -0.613886 -0.635626   2.63225 0.0114235 -0.629846        -0        -0        -0        -0        -0        -0        -0        -0        -0        -0
  1.22368  0.178365    1.7177 -0.405618 -0.613886  0.152355   2.38289  0.374955  0.148612   2.93945        -0        -0        -0        -0        -0        -0        -0        -0        -0        -0
  2.83723  -0.50052  0.235374   2.40876 -0.635626   2.38289   2.85266   0.64463 -0.335685   2.74257        -0        -0        -0        -0        -0        -0        -0        -0        -0        -0
   -0.4581   0.754381  -0.384092   0.764713    2.63225   0.374955    0.64463   0.033635 -0.0174576  -0.777182         -0         -0         -0         -0         -0         -0         -0         -0         -0         -0
 -0.205744  -0.582958  -0.237502    2.51196  0.0114235   0.148612  -0.335685 -0.0174576   0.124165 -0.0452156         -0         -0         -0         -0         -0         -0         -0         -0         -0         -0
   2.12431 -0.0386063    2.57508  -0.640319  -0.629846    2.93945    2.74257  -0.777182 -0.0452156  -0.062101         -0         -0         -0         -0         -0         -0         -0         -0         -0         -0
       -0        -0        -0        -0        -0        -0        -0        -0        -0        -0 0.0770362 -0.866509  -2.23886   -1.0882  0.440947  -1.22368  -2.83723    0.4581  0.205744  -2.12431
       -0        -0        -0        -0        -0        -0        -0        -0        -0        -0 -0.866509 -0.696248  -1.95708  -2.09361 -0.314876 -0.178365   0.50052 -0.754381  0.582958 0.0386063
       -0        -0        -0        -0        -0        -0        -0        -0        -0        -0  -2.23886  -1.95708  -1.37071  -2.57153 -0.222813   -1.7177 -0.235374  0.384092  0.237502  -2.57508
       -0        -0        -0        -0        -0        -0        -0        -0        -0        -0   -1.0882  -2.09361  -2.57153  -2.86489 -0.877872  0.405618  -2.40876 -0.764713  -2.51196  0.640319
        -0         -0         -0         -0         -0         -0         -0         -0         -0         -0   0.440947  -0.314876  -0.222813  -0.877872   0.240954   0.613886   0.635626   -2.63225 -0.0114235   0.629846
       -0        -0        -0        -0        -0        -0        -0        -0        -0        -0  -1.22368 -0.178365   -1.7177  0.405618  0.613886 -0.152355  -2.38289 -0.374955 -0.148612  -2.93945
       -0        -0        -0        -0        -0        -0        -0        -0        -0        -0  -2.83723   0.50052 -0.235374  -2.40876  0.635626  -2.38289  -2.85266  -0.64463  0.335685  -2.74257
       -0        -0        -0        -0        -0        -0        -0        -0        -0        -0    0.4581 -0.754381  0.384092 -0.764713  -2.63225 -0.374955  -0.64463 -0.033635 0.0174576  0.777182
        -0         -0         -0         -0         -0         -0         -0         -0         -0         -0   0.205744   0.582958   0.237502   -2.51196 -0.0114235  -0.148612   0.335685  0.0174576  -0.124165  0.0452156
       -0        -0        -0        -0        -0        -0        -0        -0        -0        -0  -2.12431 0.0386063  -2.57508  0.640319  0.629846  -2.93945  -2.74257  0.777182 0.0452156  0.062101
  2.52385 -0.509839   2.40429   1.28354  0.966201  0.207241   2.98012   1.75731   2.86838   2.59324        -0        -0        -0        -0        -0        -0        -0        -0        -0        -0
-0.509839 -0.847576  0.243393 -0.396348   1.02787   1.20832    2.8226  0.202243   2.71725   1.33027        -0        -0        -0        -0        -0        -0        -0        -0        -0        -0
  2.40429  0.243393  -0.51317  0.370288   1.81095   1.59034 -0.765492  0.547676 0.0559455 -0.986201        -0        -0        -0        -0        -0        -0        -0        -0        -0        -0
  1.28354 -0.396348  0.370288 -0.024176   1.09132  0.694071  0.350404   0.56826   1.45872   2.82774        -0        -0        -0        -0        -0        -0        -0        -0        -0        -0
 0.966201   1.02787   1.81095   1.09132   2.28053  0.187693 -0.201572   2.29356  0.411325   2.68067        -0        -0        -0        -0        -0        -0        -0        -0        -0        -0
  0.207241    1.20832    1.59034   0.694071   0.187693  -0.806584 -0.0220814  -0.171791    1.24364  -0.187773         -0         -0         -0         -0         -0         -0         -0         -0         -0         -0
   2.98012     2.8226  -0.765492   0.350404  -0.201572 -0.0220814    0.98209  -0.956408    1.65213  -0.194337         -0         -0         -0         -0         -0         -0         -0         -0         -0         -0
  1.75731  0.202243  0.547676   0.56826   2.29356 -0.171791 -0.956408   1.52143   2.96238  0.662761        -0        -0        -0        -0        -0        -0        -0        -0        -0        -0
   2.86838    2.71725  0.0559455    1.45872   0.411325    1.24364    1.65213    2.96238    1.35015 -0.0889878         -0         -0         -0         -0         -0         -0         -0         -0         -0         -0
   2.59324    1.33027  -0.986201    2.82774    2.68067  -0.187773  -0.194337   0.662761 -0.0889878  -0.958295         -0         -0         -0         -0         -0         -0         -0         -0         -0         -0
       -0        -0        -0        -0        -0        -0        -0        -0        -0        -0  -2.52385  0.509839  -2.40429  -1.28354 -0.966201 -0.207241  -2.98012  -1.75731  -2.86838  -2.59324
       -0        -0        -0        -0        -0        -0        -0        -0        -0        -0  0.509839  0.847576 -0.243393  0.396348  -1.02787  -1.20832   -2.8226 -0.202243  -2.71725  -1.33027
        -0         -0         -0         -0         -0         -0         -0         -0         -0         -0   -2.40429  -0.243393    0.51317  -0.370288   -1.81095   -1.59034   0.765492  -0.547676 -0.0559455   0.986201
       -0        -0        -0        -0        -0        -0        -0        -0        -0        -0  -1.28354  0.396348 -0.370288  0.024176  -1.09132 -0.694071 -0.350404  -0.56826  -1.45872  -2.82774
       -0        -0        -0        -0        -0        -0        -0        -0        -0        -0 -0.966201  -1.02787  -1.81095  -1.09132  -2.28053 -0.187693  0.201572  -2.29356 -0.411325  -2.68067
       -0        -0        -0        -0        -0        -0        -0        -0        -0        -0 -0.207241  -1.20832  -1.59034 -0.694071 -0.187693  0.806584 0.0220814  0.171791  -1.24364  0.187773
       -0        -0        -0        -0        -0        -0        -0        -0        -0        -0  -2.98012   -2.8226  0.765492 -0.350404  0.201572 0.0220814  -0.98209  0.956408  -1.65213  0.194337
       -0        -0        -0        -0        -0        -0        -0        -0        -0        -0  -1.75731 -0.202243 -0.547676  -0.56826  -2.29356  0.171791  0.956408  -1.52143  -2.96238 -0.662761
        -0         -0         -0         -0         -0         -0         -0         -0         -0         -0   -2.86838   -2.71725 -0.0559455   -1.45872  -0.411325   -1.24364   -1.65213   -2.96238   -1.35015  0.0889878
       -0        -0        -0        -0        -0        -0        -0        -0        -0        -0  -2.59324  -1.33027  0.986201  -2.82774  -2.68067  0.187773  0.194337 -0.662761 0.0889878  0.958295
 0.182563 -0.872203 -0.770638   2.42777   1.99095   1.66793 -0.886008  0.429145   2.81018   2.42748        -0        -0        -0        -0        -0        -0        -0        -0        -0        -0
-0.872203   1.92731   1.75266   1.63379 -0.720723 -0.150955   2.28003   2.92668   1.07213   1.02866        -0        -0        -0        -0        -0        -0        -0        -0        -0        -0
-0.770638   1.75266 -0.892202  0.634722   2.19548  0.885787   1.64922 0.0507762   1.67487  0.294441        -0        -0        -0        -0        -0        -0        -0        -0        -0        -0
  2.42777   1.63379  0.634722 -0.328281 -0.223337   1.77573  0.748714 -0.375372  0.695965    1.0767        -0        -0        -0        -0        -0        -0        -0        -0        -0        -0
  1.99095 -0.720723   2.19548 -0.223337  0.463019 0.0922051   2.95175 -0.296656 -0.152145   2.77737        -0        -0        -0        -0        -0        -0        -0        -0        -0        -0
  1.66793 -0.150955  0.885787   1.77573 0.0922051 -0.533809 -0.986746    1.5138   2.76708  0.246188        -0        -0        -0        -0        -0        -0        -0        -0        -0        -0
-0.886008   2.28003   1.64922  0.748714   2.95175 -0.986746 -0.379981  0.206143   1.16216   1.08995        -0        -0        -0        -0        -0        -0        -0        -0        -0        -0
 0.429145   2.92668 0.0507762 -0.375372 -0.296656    1.5138  0.206143 -0.322951   2.41205 -0.602606        -0        -0        -0        -0        -0        -0        -0        -0        -0        -0
  2.81018   1.07213   1.67487  0.695965 -0.152145   2.76708   1.16216   2.41205  0.914669   1.40717        -0        -0        -0        -0        -0        -0        -0        -0        -0        -0
  2.42748   1.02866  0.294441    1.0767   2.77737  0.246188   1.08995 -0.602606   1.40717   2.02569        -0        -0        -0        -0        -0        -0        -0        -0        -0        -0
       -0        -0        -0        -0        -0        -0        -0        -0        -0        -0 -0.182563  0.872203  0.770638  -2.42777  -1.99095  -1.66793  0.886008 -0.429145  -2.81018  -2.42748
      -0       -0       -0       -0       -0       -0       -0       -0       -0       -0 0.872203 -1.92731 -1.75266 -1.63379 0.720723 0.150955 -2.28003 -2.92668 -1.07213 -1.02866
        -0         -0         -0         -0         -0         -0         -0         -0         -0         -0   0.770638   -1.75266   0.892202  -0.634722   -2.19548  -0.885787   -1.64922 -0.0507762   -1.67487  -0.294441
       -0        -0        -0        -0        -0        -0        -0        -0        -0        -0  -2.42777  -1.63379 -0.634722  0.328281  0.223337  -1.77573 -0.748714  0.375372 -0.695965   -1.0767
        -0         -0         -0         -0         -0         -0         -0         -0         -0         -0   -1.99095   0.720723   -2.19548   0.223337  -0.463019 -0.0922051   -2.95175   0.296656   0.152145   -2.77737
        -0         -0         -0         -0         -0         -0         -0         -0         -0         -0   -1.66793   0.150955  -0.885787   -1.77573 -0.0922051   0.533809   0.986746    -1.5138   -2.76708  -0.246188
       -0        -0        -0        -0        -0        -0        -0        -0        -0        -0  0.886008  -2.28003  -1.64922 -0.748714  -2.95175  0.986746  0.379981 -0.206143  -1.16216  -1.08995
        -0         -0         -0         -0         -0         -0         -0         -0         -0         -0  -0.429145   -2.92668 -0.0507762   0.375372   0.296656    -1.5138  -0.206143   0.322951   -2.41205   0.602606
       -0        -0        -0        -0        -0        -0        -0        -0        -0        -0  -2.81018  -1.07213  -1.67487 -0.695965  0.152145  -2.76708  -1.16216  -2.41205 -0.914669  -1.40717
       -0        -0        -0        -0        -0        -0        -0        -0        -0        -0  -2.42748  -1.02866 -0.294441   -1.0767  -2.77737 -0.246188  -1.08995  0.602606  -1.40717  -2.02569
 0.168894   2.49291   1.01547 0.0895179   1.31264 -0.627337   1.85804   1.84401    0.2626  0.866936        -0        -0        -0        -0        -0        -0        -0        -0        -0        -0
  2.49291 -0.857059  0.897173   2.22185 -0.579494  -0.97125   2.07415   2.11034  0.750324  0.163034        -0        -0        -0        -0        -0        -0        -0        -0        -0        -0
  1.01547  0.897173  0.878184   1.79958 -0.826692   2.94693  0.181205   1.26624   2.07156   1.18913        -0        -0        -0        -0        -0        -0        -0        -0        -0        -0
0.0895179   2.22185   1.79958 -0.958111 -0.477573   1.25085  0.657617   2.01732  0.209534   2.04814        -0        -0        -0        -0        -0        -0        -0        -0        -0        -0
  1.31264 -0.579494 -0.826692 -0.477573   1.58828   2.33867   2.11604   2.63277 -0.998829   1.82065        -0        -0        -0        -0        -0        -0        -0        -0        -0        -0
-0.627337  -0.97125   2.94693   1.25085   2.33867   2.92081   1.62272 -0.145478   1.41023  0.305172        -0        -0        -0        -0        -0        -0        -0        -0        -0        -0
   1.85804    2.07415   0.181205   0.657617    2.11604    1.62272 -0.0818658  0.0295352   0.130341   0.670862         -0         -0         -0         -0         -0         -0         -0         -0         -0         -0
  1.84401   2.11034   1.26624   2.01732   2.63277 -0.145478 0.0295352   2.21284   2.90758   2.73879        -0        -0        -0        -0        -0        -0        -0        -0        -0        -0
   0.2626  0.750324   2.07156  0.209534 -0.998829   1.41023  0.130341   2.90758     1.305 -0.881183        -0        -0        -0        -0        -0        -0        -0        -0        -0        -0
 0.866936  0.163034   1.18913   2.04814   1.82065  0.305172  0.670862   2.73879 -0.881183   1.46856        -0        -0        -0        -0        -0        -0        -0        -0        -0        -0
        -0         -0         -0         -0         -0         -0         -0         -0         -0         -0  -0.168894   -2.49291   -1.01547 -0.0895179   -1.31264   0.627337   -1.85804   -1.84401    -0.2626  -0.866936
       -0        -0        -0        -0        -0        -0        -0        -0        -0        -0  -2.49291  0.857059 -0.897173  -2.22185  0.579494   0.97125  -2.07415  -2.11034 -0.750324 -0.163034
       -0        -0        -0        -0        -0        -0        -0        -0        -0        -0  -1.01547 -0.897173 -0.878184  -1.79958  0.826692  -2.94693 -0.181205  -1.26624  -2.07156  -1.18913
        -0         -0         -0         -0         -0         -0         -0         -0         -0         -0 -0.0895179   -2.22185   -1.79958   0.958111   0.477573   -1.25085  -0.657617   -2.01732  -0.209534   -2.04814
      -0       -0       -0       -0       -0       -0       -0       -0       -0       -0 -1.31264 0.579494 0.826692 0.477573 -1.58828 -2.33867 -2.11604 -2.63277 0.998829 -1.82065
       -0        -0        -0        -0        -0        -0        -0        -0        -0        -0  0.627337   0.97125  -2.94693  -1.25085  -2.33867  -2.92081  -1.62272  0.145478  -1.41023 -0.305172
        -0         -0         -0         -0         -0         -0         -0         -0         -0         -0   -1.85804   -2.07415  -0.181205  -0.657617   -2.11604   -1.62272  0.0818658 -0.0295352  -0.130341  -0.670862
        -0         -0         -0         -0         -0         -0         -0         -0         -0         -0   -1.84401   -2.11034   -1.26624   -2.01732   -2.63277   0.145478 -0.0295352   -2.21284   -2.90758   -2.73879
       -0        -0        -0        -0        -0        -0        -0        -0        -0        -0   -0.2626 -0.750324  -2.07156 -0.209534  0.998829  -1.41023 -0.130341  -2.90758    -1.305  0.881183
       -0        -0        -0        -0        -0        -0        -0        -0        -0        -0 -0.866936 -0.163034  -1.18913  -2.04814  -1.82065 -0.305172 -0.670862  -2.73879  0.881183  -1.46856
 0.584518    1.0525   2.14197 -0.203485  0.785244   2.25788   1.48682 -0.440393  0.542168  0.919869        -0        -0        -0        -0        -0        -0        -0        -0        -0        -0
   1.0525  0.687118  0.608948   2.14627 -0.239747   2.76436   1.58546   0.27576  0.931602   1.55449        -0        -0        -0        -0        -0        -0        -0        -0        -0        -0
  2.14197  0.608948   2.00232   0.71792   0.69874    1.8039 -0.208816   2.37082   2.24048 -0.818535        -0        -0        -0        -0        -0        -0        -0        -0        -0        -0
-0.203485   2.14627   0.71792   1.37542  0.618508   1.26019 -0.795261   1.25835 -0.653928   1.71105        -0        -0        -0        -0        -0        -0        -0        -0        -0        -0
  0.785244  -0.239747    0.69874   0.618508   0.884311  0.0954573 -0.0391181    1.89427  -0.808204    1.75923         -0         -0         -0         -0         -0         -0         -0         -0         -0         -0
  2.25788   2.76436    1.8039   1.26019 0.0954573   2.46099   2.78821  0.255129  -0.66406  0.142347        -0        -0        -0        -0        -0        -0        -0        -0        -0        -0
   1.48682    1.58546  -0.208816  -0.795261 -0.0391181    2.78821    2.90281    1.85374    2.80706    1.49926         -0         -0         -0         -0         -0         -0         -0         -0         -0         -0
-0.440393   0.27576   2.37082   1.25835   1.89427  0.255129   1.85374 -0.652788 -0.725044   1.66204        -0        -0        -0        -0        -0        -0        -0        -0        -0        -0
 0.542168  0.931602   2.24048 -0.653928 -0.808204  -0.66406   2.80706 -0.725044  -0.93233  0.690332        -0        -0        -0        -0        -0        -0        -0        -0        -0        -0
 0.919869   1.55449 -0.818535   1.71105   1.75923  0.142347   1.49926   1.66204  0.690332  0.989779        -0        -0        -0        -0        -0        -0        -0        -0        -0        -0
       -0        -0        -0        -0        -0        -0        -0        -0        -0        -0 -0.584518   -1.0525  -2.14197  0.203485 -0.785244  -2.25788  -1.48682  0.440393 -0.542168 -0.919869
       -0        -0        -0        -0        -0        -0        -0        -0        -0        -0   -1.0525 -0.687118 -0.608948  -2.14627  0.239747  -2.76436  -1.58546  -0.27576 -0.931602  -1.55449
       -0        -0        -0        -0        -0        -0        -0        -0        -0        -0  -2.14197 -0.608948  -2.00232  -0.71792  -0.69874   -1.8039  0.208816  -2.37082  -2.24048  0.818535
       -0        -0        -0        -0        -0        -0        -0        -0        -0        -0  0.203485  -2.14627  -0.71792  -1.37542 -0.618508  -1.26019  0.795261  -1.25835  0.653928  -1.71105
        -0         -0         -0         -0         -0         -0         -0         -0         -0         -0  -0.785244   0.239747   -0.69874  -0.618508  -0.884311 -0.0954573  0.0391181   -1.89427   0.808204   -1.75923
        -0         -0         -0         -0         -0         -0         -0         -0         -0         -0   -2.25788   -2.76436    -1.8039   -1.26019 -0.0954573   -2.46099   -2.78821  -0.255129    0.66406  -0.142347
       -0        -0        -0        -0        -0        -0        -0        -0        -0        -0  -1.48682  -1.58546  0.208816  0.795261 0.0391181  -2.78821  -2.90281  -1.85374  -2.80706  -1.49926
       -0        -0        -0        -0        -0        -0        -0        -0        -0        -0  0.440393  -0.27576  -2.37082  -1.25835  -1.89427 -0.255129  -1.85374  0.652788  0.725044  -1.66204
       -0        -0        -0        -0        -0        -0        -0        -0        -0        -0 -0.542168 -0.931602  -2.24048  0.653928  0.808204   0.66406  -2.80706  0.725044   0.93233 -0.690332
       -0        -0        -0        -0        -0        -0        -0        -0        -0        -0 -0.919869  -1.55449  0.818535  -1.71105  -1.75923 -0.142347  -1.49926  -1.66204 -0.690332 -0.989779
 0.272604   1.83815  0.798329 -0.909405   1.84485 -0.253674 -0.617537   1.59352  0.667234  0.978186        -0        -0        -0        -0        -0        -0        -0        -0        -0        -0
  1.83815 -0.950813 -0.109502    2.7306  0.770874   1.46806   0.69849  0.259077   1.57909   1.67116        -0        -0        -0        -0        -0        -0        -0        -0        -0        -0
 0.798329 -0.109502 0.0367331   2.06241 -0.927854   2.90553   2.76763   2.71917   1.27086 -0.613773        -0        -0        -0        -0        -0        -0        -0        -0        -0        -0
-0.909405    2.7306   2.06241   2.35613  0.348728  0.783059   2.44487   1.66567  0.572762  0.745811        -0        -0        -0        -0        -0        -0        -0        -0        -0        -0
  1.84485  0.770874 -0.927854  0.348728   2.84951  -0.55215 0.0546234    1.6078 -0.637856   1.11603        -0        -0        -0        -0        -0        -0        -0        -0        -0        -0
-0.253674   1.46806   2.90553  0.783059  -0.55215   2.50708 -0.858349   2.56868   1.71871   0.44085        -0        -0        -0        -0        -0        -0        -0        -0        -0        -0
-0.617537   0.69849   2.76763   2.44487 0.0546234 -0.858349   2.01557   2.13307 0.0798417  0.887462        -0        -0        -0        -0        -0        -0        -0        -0        -0        -0
 1.59352 0.259077  2.71917  1.66567   1.6078  2.56868  2.13307   1.6522 0.941165 0.131607       -0       -0       -0       -0       -0       -0       -0       -0       -0       -0
 0.667234   1.57909   1.27086  0.572762 -0.637856   1.71871 0.0798417  0.941165    1.2887 -0.988586        -0        -0        -0        -0        -0        -0        -0        -0        -0        -0
 0.978186   1.67116 -0.613773  0.745811   1.11603   0.44085  0.887462  0.131607 -0.988586 -0.698312        -0        -0        -0        -0        -0        -0        -0        -0        -0        -0
       -0        -0        -0        -0        -0        -0        -0        -0        -0        -0 -0.272604  -1.83815 -0.798329  0.909405  -1.84485  0.253674  0.617537  -1.59352 -0.667234 -0.978186
       -0        -0        -0        -0        -0        -0        -0        -0        -0        -0  -1.83815  0.950813  0.109502   -2.7306 -0.770874  -1.46806  -0.69849 -0.259077  -1.57909  -1.67116
        -0         -0         -0         -0         -0         -0         -0         -0         -0         -0  -0.798329   0.109502 -0.0367331   -2.06241   0.927854   -2.90553   -2.76763   -2.71917   -1.27086   0.613773
       -0        -0        -0        -0        -0        -0        -0        -0        -0        -0  0.909405   -2.7306  -2.06241  -2.35613 -0.348728 -0.783059  -2.44487  -1.66567 -0.572762 -0.745811
        -0         -0         -0         -0         -0         -0         -0         -0         -0         -0   -1.84485  -0.770874   0.927854  -0.348728   -2.84951    0.55215 -0.0546234    -1.6078   0.637856   -1.11603
       -0        -0        -0        -0        -0        -0        -0        -0        -0        -0  0.253674  -1.46806  -2.90553 -0.783059   0.55215  -2.50708  0.858349  -2.56868  -1.71871  -0.44085
        -0         -0         -0         -0         -0         -0         -0         -0         -0         -0   0.617537   -0.69849   -2.76763   -2.44487 -0.0546234   0.858349   -2.01557   -2.13307 -0.0798417  -0.887462
       -0        -0        -0        -0        -0        -0        -0        -0        -0        -0  -1.59352 -0.259077  -2.71917  -1.66567   -1.6078  -2.56868  -2.13307   -1.6522 -0.941165 -0.131607
        -0         -0         -0         -0         -0         -0         -0         -0         -0         -0  -0.667234   -1.57909   -1.27086  -0.572762   0.637856   -1.71871 -0.0798417  -0.941165    -1.2887   0.988586
       -0        -0        -0        -0        -0        -0        -0        -0        -0        -0 -0.978186  -1.67116  0.613773 -0.745811  -1.11603  -0.44085 -0.887462 -0.131607  0.988586  0.698312
   2.0799 -0.793517  0.828349   1.99605  0.850776   2.31068 -0.399259   2.24178   2.66656    1.6272        -0        -0        -0        -0        -0        -0        -0        -0        -0        -0
-0.793517 -0.511992   2.06109 -0.516554 -0.847449    2.0639   1.41342   1.40907 -0.719968 -0.516546        -0        -0        -0        -0        -0        -0        -0        -0        -0        -0
 0.828349   2.06109    1.1559   1.27178 -0.965832    2.9161   2.62551   1.51352  0.670337   1.13645        -0        -0        -0        -0        -0        -0        -0        -0        -0        -0
  1.99605 -0.516554   1.27178 -0.443184  -0.36963  0.466583   1.87252   2.27595   2.58267   1.25271        -0        -0        -0        -0        -0        -0        -0        -0        -0        -0
 0.850776 -0.847449 -0.965832  -0.36963   1.62989  0.278475   1.97023   2.03944  0.746615   2.35597        -0        -0        -0        -0        -0        -0        -0        -0        -0        -0
  2.31068    2.0639    2.9161  0.466583  0.278475 -0.276997   1.90803  0.143415   1.94881  0.106687        -0        -0        -0        -0        -0        -0        -0        -0        -0        -0
-0.399259   1.41342   2.62551   1.87252   1.97023   1.90803    1.4149  0.370886 -0.694331  0.160736        -0        -0        -0        -0        -0        -0        -0        -0        -0        -0
 2.24178  1.40907  1.51352  2.27595  2.03944 0.143415 0.370886  1.81155  2.48513 0.770877       -0       -0       -0       -0       -0       -0       -0       -0       -0       -0
  2.66656 -0.719968  0.670337   2.58267  0.746615   1.94881 -0.694331   2.48513   2.88271 -0.197693        -0        -0        -0        -0        -0        -0        -0        -0        -0        -0
   1.6272 -0.516546   1.13645   1.25271   2.35597  0.106687  0.160736  0.770877 -0.197693  0.719031        -0        -0        -0        -0        -0        -0        -0        -0        -0        -0
       -0        -0        -0        -0        -0        -0        -0        -0        -0        -0   -2.0799  0.793517 -0.828349  -1.99605 -0.850776  -2.31068  0.399259  -2.24178  -2.66656   -1.6272
      -0       -0       -0       -0       -0       -0       -0       -0       -0       -0 0.793517 0.511992 -2.06109 0.516554 0.847449  -2.0639 -1.41342 -1.40907 0.719968 0.516546
       -0        -0        -0        -0        -0        -0        -0        -0        -0        -0 -0.828349  -2.06109   -1.1559  -1.27178  0.965832   -2.9161  -2.62551  -1.51352 -0.670337  -1.13645
       -0        -0        -0        -0        -0        -0        -0        -0        -0        -0  -1.99605  0.516554  -1.27178  0.443184   0.36963 -0.466583  -1.87252  -2.27595  -2.58267  -1.25271
       -0        -0        -0        -0        -0        -0        -0        -0        -0        -0 -0.850776  0.847449  0.965832   0.36963  -1.62989 -0.278475  -1.97023  -2.03944 -0.746615  -2.35597
       -0        -0        -0        -0        -0        -0        -0        -0        -0        -0  -2.31068   -2.0639   -2.9161 -0.466583 -0.278475  0.276997  -1.90803 -0.143415  -1.94881 -0.106687
       -0        -0        -0        -0        -0        -0        -0        -0        -0        -0  0.399259  -1.41342  -2.62551  -1.87252  -1.97023  -1.90803   -1.4149 -0.370886  0.694331 -0.160736
       -0        -0        -0        -0        -0        -0        -0        -0        -0        -0  -2.24178  -1.40907  -1.51352  -2.27595  -2.03944 -0.143415 -0.370886  -1.81155  -2.48513 -0.770877
       -0        -0        -0        -0        -0        -0        -0        -0        -0        -0  -2.66656  0.719968 -0.670337  -2.58267 -0.746615  -1.94881  0.694331  -2.48513  -2.88271  0.197693
       -0        -0        -0        -0        -0        -0        -0        -0        -0        -0   -1.6272  0.516546  -1.13645  -1.25271  -2.35597 -0.106687 -0.160736 -0.770877  0.197693 -0.719031
-0.868151   2.29736  0.257026   1.02959  -0.26633  0.338295   1.16545 -0.999081   1.26148 -0.759343        -0        -0        -0        -0        -0        -0        -0        -0        -0        -0
   2.29736   0.645657  -0.102881   0.541373  -0.345127 -0.0306696    0.21365    0.10646    1.69093    2.20209         -0         -0         -0         -0         -0         -0         -0         -0         -0         -0
  0.257026  -0.102881  -0.717326    0.34656 -0.0500095    2.72367  -0.789486    1.19099    2.81086   0.256339         -0         -0         -0         -0         -0         -0         -0         -0         -0         -0
   1.02959   0.541373    0.34656     1.1577   0.771841   0.620969    2.51201 -0.0490901   0.985141  -0.548829         -0         -0         -0         -0         -0         -0         -0         -0         -0         -0
  -0.26633  -0.345127 -0.0500095   0.771841   0.622568   -0.63719    2.37135     1.8783    -0.6881     1.7141         -0         -0         -0         -0         -0         -0         -0         -0         -0         -0
  0.338295 -0.0306696    2.72367   0.620969   -0.63719    1.87349  -0.602741    2.81356  -0.826333  -0.372314         -0         -0         -0         -0         -0         -0         -0         -0         -0         -0
  1.16545   0.21365 -0.789486   2.51201   2.37135 -0.602741 -0.821396   2.12922 -0.141367 -0.151571        -0        -0        -0        -0        -0        -0        -0        -0        -0        -0
 -0.999081    0.10646    1.19099 -0.0490901     1.8783    2.81356    2.12922    2.43493   0.571516     1.8927         -0         -0         -0         -0         -0         -0         -0         -0         -0         -0
  1.26148   1.69093   2.81086  0.985141   -0.6881 -0.826333 -0.141367  0.571516 0.0366427  0.324272        -0        -0        -0        -0        -0        -0        -0        -0        -0        -0
-0.759343   2.20209  0.256339 -0.548829    1.7141 -0.372314 -0.151571    1.8927  0.324272  0.221219        -0        -0        -0        -0        -0        -0        -0        -0        -0        -0
       -0        -0        -0        -0        -0        -0        -0        -0        -0        -0  0.868151  -2.29736 -0.257026  -1.02959   0.26633 -0.338295  -1.16545  0.999081  -1.26148  0.759343
       -0        -0        -0        -0        -0        -0        -0        -0        -0        -0  -2.29736 -0.645657  0.102881 -0.541373  0.345127 0.0306696  -0.21365  -0.10646  -1.69093  -2.20209
       -0        -0        -0        -0        -0        -0        -0        -0        -0        -0 -0.257026  0.102881  0.717326  -0.34656 0.0500095  -2.72367  0.789486  -1.19099  -2.81086 -0.256339
       -0        -0        -0        -0        -0        -0        -0        -0        -0        -0  -1.02959 -0.541373  -0.34656   -1.1577 -0.771841 -0.620969  -2.51201 0.0490901 -0.985141  0.548829
       -0        -0        -0        -0        -0        -0        -0        -0        -0        -0   0.26633  0.345127 0.0500095 -0.771841 -0.622568   0.63719  -2.37135   -1.8783    0.6881   -1.7141
       -0        -0        -0        -0        -0        -0        -0        -0        -0        -0 -0.338295 0.0306696  -2.72367 -0.620969   0.63719  -1.87349  0.602741  -2.81356  0.826333  0.372314
      -0       -0       -0       -0       -0       -0       -0       -0       -0       -0 -1.16545 -0.21365 0.789486 -2.51201 -2.37135 0.602741 0.821396 -2.12922 0.141367 0.151571
       -0        -0        -0        -0        -0        -0        -0        -0        -0        -0  0.999081  -0.10646  -1.19099 0.0490901   -1.8783  -2.81356  -2.12922  -2.43493 -0.571516   -1.8927
        -0         -0         -0         -0         -0         -0         -0         -0         -0         -0   -1.26148   -1.69093   -2.81086  -0.985141     0.6881   0.826333   0.141367  -0.571516 -0.0366427  -0.324272
       -0        -0        -0        -0        -0        -0        -0        -0        -0        -0  0.759343  -2.20209 -0.256339  0.548829   -1.7141  0.372314  0.151571   -1.8927 -0.324272 -0.221219
-0.571176 -0.753149  0.788848   2.12183   2.34495   2.80771   1.33652   2.04816   2.47784    2.4462        -0        -0        -0        -0        -0        -0        -0        -0        -0        -0
-0.753149   1.90238 -0.398985   1.50574   1.25061   1.62132   2.64674 -0.925872   1.16739  0.129466        -0        -0        -0        -0        -0        -0        -0        -0        -0        -0
 0.788848 -0.398985  -0.52989   1.32234   1.19879  0.572107  -0.95531  0.511666   2.78706   2.84589        -0        -0        -0        -0        -0        -0        -0        -0        -0        -0
  2.12183   1.50574   1.32234  0.449515   0.82189 -0.722177 -0.341141  0.246948 0.0499487   2.49089        -0        -0        -0        -0        -0        -0        -0        -0        -0        -0
  2.34495   1.25061   1.19879   0.82189   1.30832  0.666507 0.0962574  0.896018   1.44522  0.788325        -0        -0        -0        -0        -0        -0        -0        -0        -0        -0
   2.80771    1.62132   0.572107  -0.722177   0.666507    1.62429   0.170247    2.81999   0.453562 -0.0578503         -0         -0         -0         -0         -0         -0         -0         -0         -0         -0
  1.33652   2.64674  -0.95531 -0.341141 0.0962574  0.170247  0.257295 -0.666738   2.67424 -0.338864        -0        -0        -0        -0        -0        -0        -0        -0        -0        -0
  2.04816 -0.925872  0.511666  0.246948  0.896018   2.81999 -0.666738   1.50675   0.90725   2.04562        -0        -0        -0        -0        -0        -0        -0        -0        -0        -0
  2.47784   1.16739   2.78706 0.0499487   1.44522  0.453562   2.67424   0.90725   1.79294 -0.306097        -0        -0        -0        -0        -0        -0        -0        -0        -0        -0
    2.4462   0.129466    2.84589    2.49089   0.788325 -0.0578503  -0.338864    2.04562  -0.306097   0.390317         -0         -0         -0         -0         -0         -0         -0         -0         -0         -0
       -0        -0        -0        -0        -0        -0        -0        -0        -0        -0  0.571176  0.753149 -0.788848  -2.12183  -2.34495  -2.80771  -1.33652  -2.04816  -2.47784   -2.4462
       -0        -0        -0        -0        -0        -0        -0        -0        -0        -0  0.753149  -1.90238  0.398985  -1.50574  -1.25061  -1.62132  -2.64674  0.925872  -1.16739 -0.129466
       -0        -0        -0        -0        -0        -0        -0        -0        -0        -0 -0.788848  0.398985   0.52989  -1.32234  -1.19879 -0.572107   0.95531 -0.511666  -2.78706  -2.84589
        -0         -0         -0         -0         -0         -0         -0         -0         -0         -0   -2.12183   -1.50574   -1.32234  -0.449515   -0.82189   0.722177   0.341141  -0.246948 -0.0499487   -2.49089
        -0         -0         -0         -0         -0         -0         -0         -0         -0         -0   -2.34495   -1.25061   -1.19879   -0.82189   -1.30832  -0.666507 -0.0962574  -0.896018   -1.44522  -0.788325
       -0        -0        -0        -0        -0        -0        -0        -0        -0        -0  -2.80771  -1.62132 -0.572107  0.722177 -0.666507  -1.62429 -0.170247  -2.81999 -0.453562 0.0578503
        -0         -0         -0         -0         -0         -0         -0         -0         -0         -0   -1.33652   -2.64674    0.95531   0.341141 -0.0962574  -0.170247  -0.257295   0.666738   -2.67424   0.338864
       -0        -0        -0        -0        -0        -0        -0        -0        -0        -0  -2.04816  0.925872 -0.511666 -0.246948 -0.896018  -2.81999  0.666738  -1.50675  -0.90725  -2.04562
        -0         -0         -0         -0         -0         -0         -0         -0         -0         -0   -2.47784   -1.16739   -2.78706 -0.0499487   -1.44522  -0.453562   -2.67424   -0.90725   -1.79294   0.306097
       -0        -0        -0        -0        -0        -0        -0        -0        -0        -0   -2.4462 -0.129466  -2.84589  -2.49089 -0.788325 0.0578503  0.338864  -2.04562  0.306097 -0.390317
  1.30668   1.48801   1.26839  0.506409 -0.753669 -0.183057  0.197293   1.08244  0.262917  0.713174        -0        -0        -0        -0        -0        -0        -0        -0        -0        -0
   1.48801   0.345055    2.96407    1.79165  -0.708311  -0.723771  -0.418259    1.28862 -0.0544515    1.88344         -0         -0         -0         -0         -0         -0         -0         -0         -0         -0
 1.26839  2.96407  2.65103   2.4924 0.543585  2.50428 0.183968  2.26648  0.84868  2.38351       -0       -0       -0       -0       -0       -0       -0       -0       -0       -0
 0.506409   1.79165    2.4924   1.97085 -0.588268 -0.532023 -0.310306   2.62603   -0.2328   1.89714        -0        -0        -0        -0        -0        -0        -0        -0        -0        -0
-0.753669 -0.708311  0.543585 -0.588268   1.56675   1.39052   2.55259   1.70035  0.413525   2.57314        -0        -0        -0        -0        -0        -0        -0        -0        -0        -0
-0.183057 -0.723771   2.50428 -0.532023   1.39052   1.95924   2.79396  0.833229 -0.760803   1.93611        -0        -0        -0        -0        -0        -0        -0        -0        -0        -0
 0.197293 -0.418259  0.183968 -0.310306   2.55259   2.79396  0.171105   2.56462   2.72644   1.69111        -0        -0        -0        -0        -0        -0        -0        -0        -0        -0
  1.08244   1.28862   2.26648   2.62603   1.70035  0.833229   2.56462  0.722701   2.32086 -0.255758        -0        -0        -0        -0        -0        -0        -0        -0        -0        -0
  0.262917 -0.0544515    0.84868    -0.2328   0.413525  -0.760803    2.72644    2.32086    0.68615  -0.179981         -0         -0         -0         -0         -0         -0         -0         -0         -0         -0
 0.713174   1.88344   2.38351   1.89714   2.57314   1.93611   1.69111 -0.255758 -0.179981 -0.266605        -0        -0        -0        -0        -0        -0        -0        -0        -0        -0
       -0        -0        -0        -0        -0        -0        -0        -0        -0        -0  -1.30668  -1.48801  -1.26839 -0.506409  0.753669  0.183057 -0.197293  -1.08244 -0.262917 -0.713174
       -0        -0        -0        -0        -0        -0        -0        -0        -0        -0  -1.48801 -0.345055  -2.96407  -1.79165  0.708311  0.723771  0.418259  -1.28862 0.0544515  -1.88344
       -0        -0        -0        -0        -0        -0        -0        -0        -0        -0  -1.26839  -2.96407  -2.65103   -2.4924 -0.543585  -2.50428 -0.183968  -2.26648  -0.84868  -2.38351
       -0        -0        -0        -0        -0        -0        -0        -0        -0        -0 -0.506409  -1.79165   -2.4924  -1.97085  0.588268  0.532023  0.310306  -2.62603    0.2328  -1.89714
       -0        -0        -0        -0        -0        -0        -0        -0        -0        -0  0.753669  0.708311 -0.543585  0.588268  -1.56675  -1.39052  -2.55259  -1.70035 -0.413525  -2.57314
       -0        -0        -0        -0        -0        -0        -0        -0        -0        -0  0.183057  0.723771  -2.50428  0.532023  -1.39052  -1.95924  -2.79396 -0.833229  0.760803  -1.93611
       -0        -0        -0        -0        -0        -0        -0        -0        -0        -0 -0.197293  0.418259 -0.183968  0.310306  -2.55259  -2.79396 -0.171105  -2.56462  -2.72644  -1.69111
       -0        -0        -0        -0        -0        -0        -0        -0        -0        -0  -1.08244  -1.28862  -2.26648  -2.62603  -1.70035 -0.833229  -2.56462 -0.722701  -2.32086  0.255758
       -0        -0        -0        -0        -0        -0        -0        -0        -0        -0 -0.262917 0.0544515  -0.84868    0.2328 -0.413525  0.760803  -2.72644  -2.32086  -0.68615  0.179981
       -0        -0        -0        -0        -0        -0        -0        -0        -0        -0 -0.713174  -1.88344  -2.38351  -1.89714  -2.57314  -1.93611  -1.69111  0.255758  0.179981  0.266605
