20
1
20
  0.191358   0.104337 -0.0206901   0.323768   0.424981 -0.0225773  -0.434714  0.0125423 -0.0509178  -0.483142   0.415507  0.0510416 -0.0324293  -0.065484 -0.0448311 -0.0376625 -0.0461382   0.211982  0.0729241   0.067592
-52.4051  -28.771 -23.8719 -33.8241 -17.4437 -16.5922 -26.9805 -19.4316 -21.8832 -24.9522 -29.1768 -23.9633 -21.5218 -18.3504 -19.0106 -29.2383 -23.3528 -17.9956 -21.6251 -25.8684
 -28.771  -70.334 -27.5298 -32.3722 -22.8444 -38.4061 -20.3862 -15.7147 -21.7354 -23.7197 -34.8545 -21.0595 -18.3137 -23.5389 -34.4143 -34.6845 -36.8301  -25.958 -26.0294 -42.3202
-23.8719 -27.5298 -53.0369 -18.9778 -13.8688 -17.8802 -11.4089 -20.0346 -19.7128 -19.7979 -14.2931 -15.5226 -25.4305 -6.96621 -28.3754 -19.4681 -7.19637 -1.67786 -7.10945 -35.5941
-33.8241 -32.3722 -18.9778 -46.4288 -8.20266 -27.0919 -26.6254 -25.9297 -16.7567 -16.7137  -17.426  -19.933 -13.3691 -19.2934 -20.2534 -32.0543 -26.5452 -26.3208   -18.71 -26.9914
-17.4437 -22.8444 -13.8688 -8.20266 -35.0922 -15.8699 -15.7828 -1.06181 -6.72729 -24.0403 -16.8538 -18.3508 -31.2255 -27.4824 -25.3372 -9.30044 -13.2366 -8.82733 -20.9133  -24.241
-16.5922 -38.4061 -17.8802 -27.0919 -15.8699 -54.6207 -21.7718 -12.3715  -18.286 -17.5507   -11.36 -20.3467 -21.9752 -21.5372 -24.1065 -22.2262 -23.9531 -18.1115 -15.0398 -39.0197
-26.9805 -20.3862 -11.4089 -26.6254 -15.7828 -21.7718 -35.1737 -13.8982 -13.4325 -15.7818 -6.86513 -14.2529 -15.0518 -20.3874 -13.3071 -13.3134 -19.3366 -16.2649 -15.4409 -31.2799
-19.4316 -15.7147 -20.0346 -25.9297 -1.06181 -12.3715 -13.8982 -39.5585 -3.33716 -1.05147 -16.7625 -9.62445 -11.3648 -9.26941 -15.0043 -12.3522  -9.2017 -16.7724 -14.4932 -15.8507
-21.8832 -21.7354 -19.7128 -16.7567 -6.72729  -18.286 -13.4325 -3.33716 -31.0315 -18.0688 -6.60105 -10.1605 -5.98829 -6.19176 -10.6213 -21.4729 -16.4678 -10.0608  -3.3921 -21.4068
-24.9522 -23.7197 -19.7979 -16.7137 -24.0403 -17.5507 -15.7818 -1.05147 -18.0688  -43.328  -9.9296 -15.8737 -29.3328 -20.2244 -26.9111 -26.2612  -20.007 -14.2043  -19.494 -24.9355
-29.1768 -34.8545 -14.2931  -17.426 -16.8538   -11.36 -6.86513 -16.7625 -6.60105  -9.9296 -51.5902  -15.262 -16.6461 -16.3115 -17.3775 -17.1083   -17.63 -13.6521 -20.6657 -12.1817
-23.9633 -21.0595 -15.5226  -19.933 -18.3508 -20.3467 -14.2529 -9.62445 -10.1605 -15.8737  -15.262  -43.329 -24.7596 -21.9046 -19.6019 -22.1892  -9.8291 -14.0203 -13.1613 -12.5661
-21.5218 -18.3137 -25.4305 -13.3691 -31.2255 -21.9752 -15.0518 -11.3648 -5.98829 -29.3328 -16.6461 -24.7596 -60.0419 -27.5044 -30.0423 -8.36522  -6.6802  -8.0752 -25.6101 -28.7868
-18.3504 -23.5389 -6.96621 -19.2934 -27.4824 -21.5372 -20.3874 -9.26941 -6.19176 -20.2244 -16.3115 -21.9046 -27.5044 -49.5378 -28.7698 -9.75847 -18.6296 -24.6549 -20.3833 -24.8233
-19.0106 -34.4143 -28.3754 -20.2534 -25.3372 -24.1065 -13.3071 -15.0043 -10.6213 -26.9111 -17.3775 -19.6019 -30.0423 -28.7698  -43.858 -21.2193  -19.996 -15.3689 -19.8297 -30.8865
-29.2383 -34.6845 -19.4681 -32.0543 -9.30044 -22.2262 -13.3134 -12.3522 -21.4729 -26.2612 -17.1083 -22.1892 -8.36522 -9.75847 -21.2193  -48.865 -26.9325 -19.7578 -20.8851 -16.6294
-23.3528 -36.8301 -7.19637 -26.5452 -13.2366 -23.9531 -19.3366  -9.2017 -16.4678  -20.007   -17.63  -9.8291  -6.6802 -18.6296  -19.996 -26.9325 -33.2887 -22.5704 -18.7024 -23.6506
-17.9956  -25.958 -1.67786 -26.3208 -8.82733 -18.1115 -16.2649 -16.7724 -10.0608 -14.2043 -13.6521 -14.0203  -8.0752 -24.6549 -15.3689 -19.7578 -22.5704 -42.2979 -18.5636 -12.0531
-21.6251 -26.0294 -7.10945   -18.71 -20.9133 -15.0398 -15.4409 -14.4932  -3.3921  -19.494 -20.6657 -13.1613 -25.6101 -20.3833 -19.8297 -20.8851 -18.7024 -18.5636 -40.6903 -15.4823
-25.8684 -42.3202 -35.5941 -26.9914  -24.241 -39.0197 -31.2799 -15.8507 -21.4068 -24.9355 -12.1817 -12.5661 -28.7868 -24.8233 -30.8865 -16.6294 -23.6506 -12.0531 -15.4823 -59.6859
  1.17453 -0.205418    1.6712   1.95684 -0.070656   2.26981   2.29983  0.895736   1.84336  0.821922        -0        -0        -0        -0        -0        -0        -0        -0        -0        -0
 -0.205418    2.40625  -0.276049 -0.0820411    1.08296  -0.553698    2.67507  -0.818167  0.0853836    1.64382         -0         -0         -0         -0         -0         -0         -0         -0         -0         -0
    1.6712  -0.276049    2.17417  -0.466402 -0.0781344  -0.788993   0.435954    1.30471  -0.551257    1.86548         -0         -0         -0         -0         -0         -0         -0         -0         -0         -0
   1.95684 -0.0820411  -0.466402    2.54967    1.03879    1.44398    2.83343     1.8176    2.05437    2.25788         -0         -0         -0         -0         -0         -0         -0         -0         -0         -0
 -0.070656    1.08296 -0.0781344    1.03879    2.03987    2.14304    2.22474    1.22062    2.52936    1.47724         -0         -0         -0         -0         -0         -0         -0         -0         -0         -0
  2.26981 -0.553698 -0.788993   1.44398   2.14304   2.41781   1.69338  0.344576   2.59179   1.09022        -0        -0        -0        -0        -0        -0        -0        -0        -0        -0
 2.29983  2.67507 0.435954  2.83343  2.22474  1.69338  1.93337  1.22734  1.47218 0.951259       -0       -0       -0       -0       -0       -0       -0       -0       -0       -0
 0.895736 -0.818167   1.30471    1.8176   1.22062  0.344576   1.22734    2.3563  0.303926  0.410617        -0        -0        -0        -0        -0        -0        -0        -0        -0        -0
  1.84336 0.0853836 -0.551257   2.05437   2.52936   2.59179   1.47218  0.303926   2.34399   1.47034        -0        -0        -0        -0        -0        -0        -0        -0        -0        -0
0.821922  1.64382  1.86548  2.25788  1.47724  1.09022 0.951259 0.410617  1.47034 0.203748       -0       -0       -0       -0       -0       -0       -0       -0       -0       -0
       -0        -0        -0        -0        -0        -0        -0        -0        -0        -0  -1.17453  0.205418   -1.6712  -1.95684  0.070656  -2.26981  -2.29983 -0.895736  -1.84336 -0.821922
        -0         -0         -0         -0         -0         -0         -0         -0         -0         -0   0.205418   -2.40625   0.276049  0.0820411   -1.08296   0.553698   -2.67507   0.818167 -0.0853836   -1.64382
       -0        -0        -0        -0        -0        -0        -0        -0        -0        -0   -1.6712  0.276049  -2.17417  0.466402 0.0781344  0.788993 -0.435954  -1.30471  0.551257  -1.86548
       -0        -0        -0        -0        -0        -0        -0        -0        -0        -0  -1.95684 0.0820411  0.466402  -2.54967  -1.03879  -1.44398  -2.83343   -1.8176  -2.05437  -2.25788
       -0        -0        -0        -0        -0        -0        -0        -0        -0        -0  0.070656  -1.08296 0.0781344  -1.03879  -2.03987  -2.14304  -2.22474  -1.22062  -2.52936  -1.47724
       -0        -0        -0        -0        -0        -0        -0        -0        -0        -0  -2.26981  0.553698  0.788993  -1.44398  -2.14304  -2.41781  -1.69338 -0.344576  -2.59179  -1.09022
       -0        -0        -0        -0        -0        -0        -0        -0        -0        -0  -2.29983  -2.67507 -0.435954  -2.83343  -2.22474  -1.69338  -1.93337  -1.22734  -1.47218 -0.951259
       -0        -0        -0        -0        -0        -0        -0        -0        -0        -0 -0.895736  0.818167  -1.30471   -1.8176  -1.22062 -0.344576  -1.22734   -2.3563 -0.303926 -0.410617
        -0         -0         -0         -0         -0         -0         -0         -0         -0         -0   -1.84336 -0.0853836   0.551257   -2.05437   -2.52936   -2.59179   -1.47218  -0.303926   -2.34399   -1.47034
       -0        -0        -0        -0        -0        -0        -0        -0        -0        -0 -0.821922  -1.64382  -1.86548  -2.25788  -1.47724  -1.09022 -0.951259 -0.410617  -1.47034 -0.203748
 0.632366   0.41346   1.52283  0.250698  0.277973 -0.562722 -0.457947   1.50334   2.26919 -0.344769        -0        -0        -0        -0        -0        -0        -0        -0        -0        -0
   0.41346   0.805867    1.83782 -0.0379748  -0.676895   0.726331  -0.580406    1.44763   0.850264  -0.435008         -0         -0         -0         -0         -0         -0         -0         -0         -0         -0
  1.52283   1.83782    2.4418   1.31495   2.01085 0.0262547    1.0898   2.58838   1.31512   2.00588        -0        -0        -0        -0        -0        -0        -0        -0        -0        -0
  0.250698 -0.0379748    1.31495    1.63628   0.460578    2.87907      1.857   0.514194  -0.704556    1.74503         -0         -0         -0         -0         -0         -0         -0         -0         -0         -0
 0.277973 -0.676895   2.01085  0.460578   1.18531   2.11464   2.05587    2.9082  0.729339     2.422        -0        -0        -0        -0        -0        -0        -0        -0        -0        -0
-0.562722  0.726331 0.0262547   2.87907   2.11464   2.12195    1.9889  0.773688  0.429761   1.06175        -0        -0        -0        -0        -0        -0        -0        -0        -0        -0
-0.457947 -0.580406    1.0898     1.857   2.05587    1.9889  -0.64437  0.385283   2.41739  0.733934        -0        -0        -0        -0        -0        -0        -0        -0        -0        -0
  1.50334   1.44763   2.58838  0.514194    2.9082  0.773688  0.385283 0.0807496   2.52746   2.77762        -0        -0        -0        -0        -0        -0        -0        -0        -0        -0
  2.26919  0.850264   1.31512 -0.704556  0.729339  0.429761   2.41739   2.52746 -0.977061   2.36011        -0        -0        -0        -0        -0        -0        -0        -0        -0        -0
-0.344769 -0.435008   2.00588   1.74503     2.422   1.06175  0.733934   2.77762   2.36011   1.90359        -0        -0        -0        -0        -0        -0        -0        -0        -0        -0
       -0        -0        -0        -0        -0        -0        -0        -0        -0        -0 -0.632366  -0.41346  -1.52283 -0.250698 -0.277973  0.562722  0.457947  -1.50334  -2.26919  0.344769
       -0        -0        -0        -0        -0        -0        -0        -0        -0        -0  -0.41346 -0.805867  -1.83782 0.0379748  0.676895 -0.726331  0.580406  -1.44763 -0.850264  0.435008
        -0         -0         -0         -0         -0         -0         -0         -0         -0         -0   -1.52283   -1.83782    -2.4418   -1.31495   -2.01085 -0.0262547    -1.0898   -2.58838   -1.31512   -2.00588
       -0        -0        -0        -0        -0        -0        -0        -0        -0        -0 -0.250698 0.0379748  -1.31495  -1.63628 -0.460578  -2.87907    -1.857 -0.514194  0.704556  -1.74503
       -0        -0        -0        -0        -0        -0        -0        -0        -0        -0 -0.277973  0.676895  -2.01085 -0.460578  -1.18531  -2.11464  -2.05587   -2.9082 -0.729339    -2.422
        -0         -0         -0         -0         -0         -0         -0         -0         -0         -0   0.562722  -0.726331 -0.0262547   -2.87907   -2.11464   -2.12195    -1.9889  -0.773688  -0.429761   -1.06175
       -0        -0        -0        -0        -0        -0        -0        -0        -0        -0  0.457947  0.580406   -1.0898    -1.857  -2.05587   -1.9889   0.64437 -0.385283  -2.41739 -0.733934
        -0         -0         -0         -0         -0         -0         -0         -0         -0         -0   -1.50334   -1.44763   -2.58838  -0.514194    -2.9082  -0.773688  -0.385283 -0.0807496   -2.52746   -2.77762
       -0        -0        -0        -0        -0        -0        -0        -0        -0        -0  -2.26919 -0.850264  -1.31512  0.704556 -0.729339 -0.429761  -2.41739  -2.52746  0.977061  -2.36011
       -0        -0        -0        -0        -0        -0        -0        -0        -0        -0  0.344769  0.435008  -2.00588  -1.74503    -2.422  -1.06175 -0.733934  -2.77762  -2.36011  -1.90359
    2.0429   0.351709    2.90847 -0.0372043  -0.218765   0.574873    1.88509    2.50057  -0.451607    1.95852         -0         -0         -0         -0         -0         -0         -0         -0         -0         -0
 0.351709  0.609356  0.580242   2.92704   2.69193   1.65841   2.69954   2.47992   1.08318 -0.133655        -0        -0        -0        -0        -0        -0        -0        -0        -0        -0
  2.90847  0.580242  0.684519   1.19966   2.52295  -0.64774  0.177082 -0.305798  0.859616 -0.985528        -0        -0        -0        -0        -0        -0        -0        -0        -0        -0
-0.0372043    2.92704    1.19966    1.31401  -0.550548    2.25939  0.0847475    2.02352 -0.0993469  -0.864399         -0         -0         -0         -0         -0         -0         -0         -0         -0         -0
-0.218765   2.69193   2.52295 -0.550548   2.35876  0.572767   1.01355   2.92937  0.342571  0.951093        -0        -0        -0        -0        -0        -0        -0        -0        -0        -0
 0.574873   1.65841  -0.64774   2.25939  0.572767 -0.322465    2.7354 -0.947039   2.43238   1.02802        -0        -0        -0        -0        -0        -0        -0        -0        -0        -0
  1.88509   2.69954  0.177082 0.0847475   1.01355    2.7354   1.66205 -0.548734  0.578188     2.871        -0        -0        -0        -0        -0        -0        -0        -0        -0        -0
  2.50057   2.47992 -0.305798   2.02352   2.92937 -0.947039 -0.548734  0.776375  0.708476  -0.38686        -0        -0        -0        -0        -0        -0        -0        -0        -0        -0
 -0.451607    1.08318   0.859616 -0.0993469   0.342571    2.43238   0.578188   0.708476   0.981258      2.615         -0         -0         -0         -0         -0         -0         -0         -0         -0         -0
  1.95852 -0.133655 -0.985528 -0.864399  0.951093   1.02802     2.871  -0.38686     2.615   1.56968        -0        -0        -0        -0        -0        -0        -0        -0        -0        -0
       -0        -0        -0        -0        -0        -0        -0        -0        -0        -0   -2.0429 -0.351709  -2.90847 0.0372043  0.218765 -0.574873  -1.88509  -2.50057  0.451607  -1.95852
       -0        -0        -0        -0        -0        -0        -0        -0        -0        -0 -0.351709 -0.609356 -0.580242  -2.92704  -2.69193  -1.65841  -2.69954  -2.47992  -1.08318  0.133655
       -0        -0        -0        -0        -0        -0        -0        -0        -0        -0  -2.90847 -0.580242 -0.684519  -1.19966  -2.52295   0.64774 -0.177082  0.305798 -0.859616  0.985528
        -0         -0         -0         -0         -0         -0         -0         -0         -0         -0  0.0372043   -2.92704   -1.19966   -1.31401   0.550548   -2.25939 -0.0847475   -2.02352  0.0993469   0.864399
       -0        -0        -0        -0        -0        -0        -0        -0        -0        -0  0.218765  -2.69193  -2.52295  0.550548  -2.35876 -0.572767  -1.01355  -2.92937 -0.342571 -0.951093
       -0        -0        -0        -0        -0        -0        -0        -0        -0        -0 -0.574873  -1.65841   0.64774  -2.25939 -0.572767  0.322465   -2.7354  0.947039  -2.43238  -1.02802
        -0         -0         -0         -0         -0         -0         -0         -0         -0         -0   -1.88509   -2.69954  -0.177082 -0.0847475   -1.01355    -2.7354   -1.66205   0.548734  -0.578188     -2.871
       -0        -0        -0        -0        -0        -0        -0        -0        -0        -0  -2.50057  -2.47992  0.305798  -2.02352  -2.92937  0.947039  0.548734 -0.776375 -0.708476   0.38686
       -0        -0        -0        -0        -0        -0        -0        -0        -0        -0  0.451607  -1.08318 -0.859616 0.0993469 -0.342571  -2.43238 -0.578188 -0.708476 -0.981258    -2.615
       -0        -0        -0        -0        -0        -0        -0        -0        -0        -0  -1.95852  0.133655  0.985528  0.864399 -0.951093  -1.02802    -2.871   0.38686    -2.615  -1.56968
  0.61541  0.791552   2.09751  0.539908  0.653865   1.19107  0.718985   0.96444   2.89007 -0.422662        -0        -0        -0        -0        -0        -0        -0        -0        -0        -0
 0.791552 -0.696267   1.96363    1.1108   1.39154  -0.28799   2.48265   2.46792   2.95077   2.25739        -0        -0        -0        -0        -0        -0        -0        -0        -0        -0
  2.09751   1.96363  0.931155   2.87056  0.627543   2.87329   1.61066   1.59072 -0.249576 -0.838726        -0        -0        -0        -0        -0        -0        -0        -0        -0        -0
 0.539908    1.1108   2.87056   2.58951   1.60793 -0.877772  0.589545   2.59198   2.76336     2.188        -0        -0        -0        -0        -0        -0        -0        -0        -0        -0
 0.653865   1.39154  0.627543   1.60793   1.04271   2.82399   2.07216   1.07585 -0.927001 -0.153069        -0        -0        -0        -0        -0        -0        -0        -0        -0        -0
  1.19107  -0.28799   2.87329 -0.877772   2.82399   1.97252   2.03107 -0.366566 -0.425588   2.23343        -0        -0        -0        -0        -0        -0        -0        -0        -0        -0
0.718985  2.48265  1.61066 0.589545  2.07216  2.03107  2.59919  1.42391  1.73588  1.21907       -0       -0       -0       -0       -0       -0       -0       -0       -0       -0
  0.96444   2.46792   1.59072   2.59198   1.07585 -0.366566   1.42391    1.9804 -0.922525 -0.553882        -0        -0        -0        -0        -0        -0        -0        -0        -0        -0
  2.89007   2.95077 -0.249576   2.76336 -0.927001 -0.425588   1.73588 -0.922525  0.538401   2.87406        -0        -0        -0        -0        -0        -0        -0        -0        -0        -0
-0.422662   2.25739 -0.838726     2.188 -0.153069   2.23343   1.21907 -0.553882   2.87406 -0.966869        -0        -0        -0        -0        -0        -0        -0        -0        -0        -0
       -0        -0        -0        -0        -0        -0        -0        -0        -0        -0  -0.61541 -0.791552  -2.09751 -0.539908 -0.653865  -1.19107 -0.718985  -0.96444  -2.89007  0.422662
       -0        -0        -0        -0        -0        -0        -0        -0        -0        -0 -0.791552  0.696267  -1.96363   -1.1108  -1.39154   0.28799  -2.48265  -2.46792  -2.95077  -2.25739
       -0        -0        -0        -0        -0        -0        -0        -0        -0        -0  -2.09751  -1.96363 -0.931155  -2.87056 -0.627543  -2.87329  -1.61066  -1.59072  0.249576  0.838726
       -0        -0        -0        -0        -0        -0        -0        -0        -0        -0 -0.539908   -1.1108  -2.87056  -2.58951  -1.60793  0.877772 -0.589545  -2.59198  -2.76336    -2.188
       -0        -0        -0        -0        -0        -0        -0        -0        -0        -0 -0.653865  -1.39154 -0.627543  -1.60793  -1.04271  -2.82399  -2.07216  -1.07585  0.927001  0.153069
      -0       -0       -0       -0       -0       -0       -0       -0       -0       -0 -1.19107  0.28799 -2.87329 0.877772 -2.82399 -1.97252 -2.03107 0.366566 0.425588 -2.23343
       -0        -0        -0        -0        -0        -0        -0        -0        -0        -0 -0.718985  -2.48265  -1.61066 -0.589545  -2.07216  -2.03107  -2.59919  -1.42391  -1.73588  -1.21907
      -0       -0       -0       -0       -0       -0       -0       -0       -0       -0 -0.96444 -2.46792 -1.59072 -2.59198 -1.07585 0.366566 -1.42391  -1.9804 0.922525 0.553882
       -0        -0        -0        -0        -0        -0        -0        -0        -0        -0  -2.89007  -2.95077  0.249576  -2.76336  0.927001  0.425588  -1.73588  0.922525 -0.538401  -2.87406
      -0       -0       -0       -0       -0       -0       -0       -0       -0       -0 0.422662 -2.25739 0.838726   -2.188 0.153069 -2.23343 -1.21907 0.553882 -2.87406 0.966869
-0.354703   2.89281   2.62523   2.74794 -0.313599   1.52712   1.31358   1.37393  0.425826  -0.36285        -0        -0        -0        -0        -0        -0        -0        -0        -0        -0
   2.89281  -0.552625    1.30773    2.95178   0.910195  -0.386856 -0.0841547   0.590625   0.988279   0.979685         -0         -0         -0         -0         -0         -0         -0         -0         -0         -0
   2.62523    1.30773    1.01343  -0.267498   0.830574    2.95737    1.65918   0.136653    2.84687 -0.0799479         -0         -0         -0         -0         -0         -0         -0         -0         -0         -0
  2.74794   2.95178 -0.267498   2.24899   1.26632 -0.459445   2.04609 -0.795499  0.383196   2.29633        -0        -0        -0        -0        -0        -0        -0        -0        -0        -0
-0.313599  0.910195  0.830574   1.26632   1.55343 -0.600352 -0.835164   2.85695   1.52883 0.0257725        -0        -0        -0        -0        -0        -0        -0        -0        -0        -0
  1.52712 -0.386856   2.95737 -0.459445 -0.600352  0.453103  0.846974   2.69008 -0.753484 0.0848877        -0        -0        -0        -0        -0        -0        -0        -0        -0        -0
   1.31358 -0.0841547    1.65918    2.04609  -0.835164   0.846974   0.209075    1.24581     1.8363   0.143302         -0         -0         -0         -0         -0         -0         -0         -0         -0         -0
  1.37393  0.590625  0.136653 -0.795499   2.85695   2.69008   1.24581   2.77619  0.929751   1.23485        -0        -0        -0        -0        -0        -0        -0        -0        -0        -0
 0.425826  0.988279   2.84687  0.383196   1.52883 -0.753484    1.8363  0.929751    2.6661   1.07562        -0        -0        -0        -0        -0        -0        -0        -0        -0        -0
  -0.36285   0.979685 -0.0799479    2.29633  0.0257725  0.0848877   0.143302    1.23485    1.07562    1.04753         -0         -0         -0         -0         -0         -0         -0         -0         -0         -0
       -0        -0        -0        -0        -0        -0        -0        -0        -0        -0  0.354703  -2.89281  -2.62523  -2.74794  0.313599  -1.52712  -1.31358  -1.37393 -0.425826   0.36285
       -0        -0        -0        -0        -0        -0        -0        -0        -0        -0  -2.89281  0.552625  -1.30773  -2.95178 -0.910195  0.386856 0.0841547 -0.590625 -0.988279 -0.979685
       -0        -0        -0        -0        -0        -0        -0        -0        -0        -0  -2.62523  -1.30773  -1.01343  0.267498 -0.830574  -2.95737  -1.65918 -0.136653  -2.84687 0.0799479
       -0        -0        -0        -0        -0        -0        -0        -0        -0        -0  -2.74794  -2.95178  0.267498  -2.24899  -1.26632  0.459445  -2.04609  0.795499 -0.383196  -2.29633
        -0         -0         -0         -0         -0         -0         -0         -0         -0         -0   0.313599  -0.910195  -0.830574   -1.26632   -1.55343   0.600352   0.835164   -2.85695   -1.52883 -0.0257725
        -0         -0         -0         -0         -0         -0         -0         -0         -0         -0   -1.52712   0.386856   -2.95737   0.459445   0.600352  -0.453103  -0.846974   -2.69008   0.753484 -0.0848877
       -0        -0        -0        -0        -0        -0        -0        -0        -0        -0  -1.31358 0.0841547  -1.65918  -2.04609  0.835164 -0.846974 -0.209075  -1.24581   -1.8363 -0.143302
       -0        -0        -0        -0        -0        -0        -0        -0        -0        -0  -1.37393 -0.590625 -0.136653  0.795499  -2.85695  -2.69008  -1.24581  -2.77619 -0.929751  -1.23485
       -0        -0        -0        -0        -0        -0        -0        -0        -0        -0 -0.425826 -0.988279  -2.84687 -0.383196  -1.52883  0.753484   -1.8363 -0.929751   -2.6661  -1.07562
        -0         -0         -0         -0         -0         -0         -0         -0         -0         -0    0.36285  -0.979685  0.0799479   -2.29633 -0.0257725 -0.0848877  -0.143302   -1.23485   -1.07562   -1.04753
  0.461306    1.13358 -0.0791846    2.32037    2.22987   0.238849   -0.89225    1.12273    2.27205   0.775467         -0         -0         -0         -0         -0         -0         -0         -0         -0         -0
  1.13358 -0.302885 -0.166787 -0.405329   2.13839   1.33976   1.98568   0.64132  0.510281 -0.799468        -0        -0        -0        -0        -0        -0        -0        -0        -0        -0
-0.0791846  -0.166787    2.87275   0.450913    1.42202    1.26293   0.738149    2.80682  -0.194221    1.57845         -0         -0         -0         -0         -0         -0         -0         -0         -0         -0
  2.32037 -0.405329  0.450913   1.95852   1.96735  0.111595  0.558663  -0.45525  0.534979   2.51362        -0        -0        -0        -0        -0        -0        -0        -0        -0        -0
  2.22987   2.13839   1.42202   1.96735  0.118829 -0.819376  0.944202 -0.391333   1.62188  0.759195        -0        -0        -0        -0        -0        -0        -0        -0        -0        -0
  0.238849    1.33976    1.26293   0.111595  -0.819376    1.39247 -0.0692204 -0.0743556 -0.0135969  -0.477349         -0         -0         -0         -0         -0         -0         -0         -0         -0         -0
  -0.89225    1.98568   0.738149   0.558663   0.944202 -0.0692204    2.66362  0.0470822    2.92745  -0.555604         -0         -0         -0         -0         -0         -0         -0         -0         -0         -0
   1.12273    0.64132    2.80682   -0.45525  -0.391333 -0.0743556  0.0470822   0.842325  -0.368011   0.422816         -0         -0         -0         -0         -0         -0         -0         -0         -0         -0
   2.27205   0.510281  -0.194221   0.534979    1.62188 -0.0135969    2.92745  -0.368011  -0.907218 -0.0795282         -0         -0         -0         -0         -0         -0         -0         -0         -0         -0
  0.775467  -0.799468    1.57845    2.51362   0.759195  -0.477349  -0.555604   0.422816 -0.0795282    1.85585         -0         -0         -0         -0         -0         -0         -0         -0         -0         -0
       -0        -0        -0        -0        -0        -0        -0        -0        -0        -0 -0.461306  -1.13358 0.0791846  -2.32037  -2.22987 -0.238849   0.89225  -1.12273  -2.27205 -0.775467
       -0        -0        -0        -0        -0        -0        -0        -0        -0        -0  -1.13358  0.302885  0.166787  0.405329  -2.13839  -1.33976  -1.98568  -0.64132 -0.510281  0.799468
       -0        -0        -0        -0        -0        -0        -0        -0        -0        -0 0.0791846  0.166787  -2.87275 -0.450913  -1.42202  -1.26293 -0.738149  -2.80682  0.194221  -1.57845
       -0        -0        -0        -0        -0        -0        -0        -0        -0        -0  -2.32037  0.405329 -0.450913  -1.95852  -1.96735 -0.111595 -0.558663   0.45525 -0.534979  -2.51362
       -0        -0        -0        -0        -0        -0        -0        -0        -0        -0  -2.22987  -2.13839  -1.42202  -1.96735 -0.118829  0.819376 -0.944202  0.391333  -1.62188 -0.759195
       -0        -0        -0        -0        -0        -0        -0        -0        -0        -0 -0.238849  -1.33976  -1.26293 -0.111595  0.819376  -1.39247 0.0692204 0.0743556 0.0135969  0.477349
        -0         -0         -0         -0         -0         -0         -0         -0         -0         -0    0.89225   -1.98568  -0.738149  -0.558663  -0.944202  0.0692204   -2.66362 -0.0470822   -2.92745   0.555604
        -0         -0         -0         -0         -0         -0         -0         -0         -0         -0   -1.12273   -0.64132   -2.80682    0.45525   0.391333  0.0743556 -0.0470822  -0.842325   0.368011  -0.422816
       -0        -0        -0        -0        -0        -0        -0        -0        -0        -0  -2.27205 -0.510281  0.194221 -0.534979  -1.62188 0.0135969  -2.92745  0.368011  0.907218 0.0795282
       -0        -0        -0        -0        -0        -0        -0        -0        -0        -0 -0.775467  0.799468  -1.57845  -2.51362 -0.759195  0.477349  0.555604 -0.422816 0.0795282  -1.85585
  1.09125   2.10105    2.2754 -0.551388   1.27671    2.4503  0.460539   1.79037    2.1874  0.612466        -0        -0        -0        -0        -0        -0        -0        -0        -0        -0
   2.10105    1.22021   0.634752    1.45981   0.664213   0.933204    1.79321  -0.772875   0.441848 -0.0123209         -0         -0         -0         -0         -0         -0         -0         -0         -0         -0
   2.2754  0.634752  0.186551   1.34018   2.21998   2.60347   1.41097  0.956213  0.576519 -0.319493        -0        -0        -0        -0        -0        -0        -0        -0        -0        -0
 -0.551388    1.45981    1.34018 -0.0542213    1.88213  -0.363145    2.80072    1.01035    1.79087  -0.976565         -0         -0         -0         -0         -0         -0         -0         -0         -0         -0
  1.27671  0.664213   2.21998   1.88213  0.571047   2.78706   2.73899   2.10926    1.0787 -0.211605        -0        -0        -0        -0        -0        -0        -0        -0        -0        -0
   2.4503  0.933204   2.60347 -0.363145   2.78706 -0.248166   1.76884   2.52726  0.363577 -0.580504        -0        -0        -0        -0        -0        -0        -0        -0        -0        -0
  0.460539    1.79321    1.41097    2.80072    2.73899    1.76884   0.728842 -0.0144852     2.5427    1.79227         -0         -0         -0         -0         -0         -0         -0         -0         -0         -0
   1.79037  -0.772875   0.956213    1.01035    2.10926    2.52726 -0.0144852   0.218686   0.661304    1.51724         -0         -0         -0         -0         -0         -0         -0         -0         -0         -0
  2.1874 0.441848 0.576519  1.79087   1.0787 0.363577   2.5427 0.661304  2.52714   1.2101       -0       -0       -0       -0       -0       -0       -0       -0       -0       -0
  0.612466 -0.0123209  -0.319493  -0.976565  -0.211605  -0.580504    1.79227    1.51724     1.2101  -0.257314         -0         -0         -0         -0         -0         -0         -0         -0         -0         -0
       -0        -0        -0        -0        -0        -0        -0        -0        -0        -0  -1.09125  -2.10105   -2.2754  0.551388  -1.27671   -2.4503 -0.460539  -1.79037   -2.1874 -0.612466
       -0        -0        -0        -0        -0        -0        -0        -0        -0        -0  -2.10105  -1.22021 -0.634752  -1.45981 -0.664213 -0.933204  -1.79321  0.772875 -0.441848 0.0123209
       -0        -0        -0        -0        -0        -0        -0        -0        -0        -0   -2.2754 -0.634752 -0.186551  -1.34018  -2.21998  -2.60347  -1.41097 -0.956213 -0.576519  0.319493
       -0        -0        -0        -0        -0        -0        -0        -0        -0        -0  0.551388  -1.45981  -1.34018 0.0542213  -1.88213  0.363145  -2.80072  -1.01035  -1.79087  0.976565
       -0        -0        -0        -0        -0        -0        -0        -0        -0        -0  -1.27671 -0.664213  -2.21998  -1.88213 -0.571047  -2.78706  -2.73899  -2.10926   -1.0787  0.211605
       -0        -0        -0        -0        -0        -0        -0        -0        -0        -0   -2.4503 -0.933204  -2.60347  0.363145  -2.78706  0.248166  -1.76884  -2.52726 -0.363577  0.580504
       -0        -0        -0        -0        -0        -0        -0        -0        -0        -0 -0.460539  -1.79321  -1.41097  -2.80072  -2.73899  -1.76884 -0.728842 0.0144852   -2.5427  -1.79227
       -0        -0        -0        -0        -0        -0        -0        -0        -0        -0  -1.79037  0.772875 -0.956213  -1.01035  -2.10926  -2.52726 0.0144852 -0.218686 -0.661304  -1.51724
       -0        -0        -0        -0        -0        -0        -0        -0        -0        -0   -2.1874 -0.441848 -0.576519  -1.79087   -1.0787 -0.363577   -2.5427 -0.661304  -2.52714   -1.2101
       -0        -0        -0        -0        -0        -0        -0        -0        -0        -0 -0.612466 0.0123209  0.319493  0.976565  0.211605  0.580504  -1.79227  -1.51724   -1.2101  0.257314
  1.80924   2.63965 -0.293984 -0.363032 -0.448152   0.56622  0.478169   1.53692 -0.142717 -0.737044        -0        -0        -0        -0        -0        -0        -0        -0        -0        -0
   2.63965  -0.514846  0.0785735   0.209437    2.66341    1.26951  -0.739307 -0.0522812  -0.885538    2.17971         -0         -0         -0         -0         -0         -0         -0         -0         -0         -0
-0.293984 0.0785735   2.09457 0.0165897   2.46876   1.62743  -0.84661   1.20933 -0.416547   2.09858        -0        -0        -0        -0        -0        -0        -0        -0        -0        -0
-0.363032  0.209437 0.0165897  0.606778 -0.722051 -0.339211   1.49476   1.00568   2.48472 -0.583654        -0        -0        -0        -0        -0        -0        -0        -0        -0        -0
-0.448152   2.66341   2.46876 -0.722051  -0.12042   2.65603  0.867472  0.225668 -0.224749  0.674464        -0        -0        -0        -0        -0        -0        -0        -0        -0        -0
   0.56622    1.26951    1.62743  -0.339211    2.65603    2.72944    1.12828    2.08891  -0.760515 -0.0339468         -0         -0         -0         -0         -0         -0         -0         -0         -0         -0
 0.478169 -0.739307  -0.84661   1.49476  0.867472   1.12828   1.52217 -0.249549   2.21416   1.54462        -0        -0        -0        -0        -0        -0        -0        -0        -0        -0
   1.53692 -0.0522812    1.20933    1.00568   0.225668    2.08891  -0.249549    2.30842   0.319003  -0.803364         -0         -0         -0         -0         -0         -0         -0         -0         -0         -0
-0.142717 -0.885538 -0.416547   2.48472 -0.224749 -0.760515   2.21416  0.319003  0.701536 -0.480628        -0        -0        -0        -0        -0        -0        -0        -0        -0        -0
 -0.737044    2.17971    2.09858  -0.583654   0.674464 -0.0339468    1.54462  -0.803364  -0.480628    1.94049         -0         -0         -0         -0         -0         -0         -0         -0         -0         -0
       -0        -0        -0        -0        -0        -0        -0        -0        -0        -0  -1.80924  -2.63965  0.293984  0.363032  0.448152  -0.56622 -0.478169  -1.53692  0.142717  0.737044
        -0         -0         -0         -0         -0         -0         -0         -0         -0         -0   -2.63965   0.514846 -0.0785735  -0.209437   -2.66341   -1.26951   0.739307  0.0522812   0.885538   -2.17971
        -0         -0         -0         -0         -0         -0         -0         -0         -0         -0   0.293984 -0.0785735   -2.09457 -0.0165897   -2.46876   -1.62743    0.84661   -1.20933   0.416547   -2.09858
        -0         -0         -0         -0         -0         -0         -0         -0         -0         -0   0.363032  -0.209437 -0.0165897  -0.606778   0.722051   0.339211   -1.49476   -1.00568   -2.48472   0.583654
       -0        -0        -0        -0        -0        -0        -0        -0        -0        -0  0.448152  -2.66341  -2.46876  0.722051   0.12042  -2.65603 -0.867472 -0.225668  0.224749 -0.674464
       -0        -0        -0        -0        -0        -0        -0        -0        -0        -0  -0.56622  -1.26951  -1.62743  0.339211  -2.65603  -2.72944  -1.12828  -2.08891  0.760515 0.0339468
       -0        -0        -0        -0        -0        -0        -0        -0        -0        -0 -0.478169  0.739307   0.84661  -1.49476 -0.867472  -1.12828  -1.52217  0.249549  -2.21416  -1.54462
       -0        -0        -0        -0        -0        -0        -0        -0        -0        -0  -1.53692 0.0522812  -1.20933  -1.00568 -0.225668  -2.08891  0.249549  -2.30842 -0.319003  0.803364
       -0        -0        -0        -0        -0        -0        -0        -0        -0        -0  0.142717  0.885538  0.416547  -2.48472  0.224749  0.760515  -2.21416 -0.319003 -0.701536  0.480628
       -0        -0        -0        -0        -0        -0        -0        -0        -0        -0  0.737044  -2.17971  -2.09858  0.583654 -0.674464 0.0339468  -1.54462  0.803364  0.480628  -1.94049
  1.74256 -0.873638   1.81635   1.96218   1.02595  0.767352  0.421559  0.728876 -0.948625   1.74168        -0        -0        -0        -0        -0        -0        -0        -0        -0        -0
-0.873638  0.279585 0.0607204    1.4442  0.457399  0.225277   1.52764    1.1077  0.236347 -0.957337        -0        -0        -0        -0        -0        -0        -0        -0        -0        -0
  1.81635 0.0607204  0.830542   1.45665  0.666156   1.06671  0.248744   1.18527  0.459693   2.75497        -0        -0        -0        -0        -0        -0        -0        -0        -0        -0
  1.96218    1.4442   1.45665   1.85039 -0.270537   2.59789   2.87821   2.39503   1.11808   2.99042        -0        -0        -0        -0        -0        -0        -0        -0        -0        -0
  1.02595  0.457399  0.666156 -0.270537   1.16721   2.14021  0.378034   1.83716  -0.16576   2.92087        -0        -0        -0        -0        -0        -0        -0        -0        -0        -0
 0.767352  0.225277   1.06671   2.59789   2.14021   2.54378 -0.355159  -0.64752 -0.400095  0.133001        -0        -0        -0        -0        -0        -0        -0        -0        -0        -0
 0.421559   1.52764  0.248744   2.87821  0.378034 -0.355159   2.39683  0.825491   0.66186 -0.364735        -0        -0        -0        -0        -0        -0        -0        -0        -0        -0
0.728876   1.1077  1.18527  2.39503  1.83716 -0.64752 0.825491  2.04539  2.93714   2.3177       -0       -0       -0       -0       -0       -0       -0       -0       -0       -0
-0.948625  0.236347  0.459693   1.11808  -0.16576 -0.400095   0.66186   2.93714    1.6211    1.4753        -0        -0        -0        -0        -0        -0        -0        -0        -0        -0
  1.74168 -0.957337   2.75497   2.99042   2.92087  0.133001 -0.364735    2.3177    1.4753  -0.28299        -0        -0        -0        -0        -0        -0        -0        -0        -0        -0
       -0        -0        -0        -0        -0        -0        -0        -0        -0        -0  -1.74256  0.873638  -1.81635  -1.96218  -1.02595 -0.767352 -0.421559 -0.728876  0.948625  -1.74168
        -0         -0         -0         -0         -0         -0         -0         -0         -0         -0   0.873638  -0.279585 -0.0607204    -1.4442  -0.457399  -0.225277   -1.52764    -1.1077  -0.236347   0.957337
        -0         -0         -0         -0         -0         -0         -0         -0         -0         -0   -1.81635 -0.0607204  -0.830542   -1.45665  -0.666156   -1.06671  -0.248744   -1.18527  -0.459693   -2.75497
      -0       -0       -0       -0       -0       -0       -0       -0       -0       -0 -1.96218  -1.4442 -1.45665 -1.85039 0.270537 -2.59789 -2.87821 -2.39503 -1.11808 -2.99042
       -0        -0        -0        -0        -0        -0        -0        -0        -0        -0  -1.02595 -0.457399 -0.666156  0.270537  -1.16721  -2.14021 -0.378034  -1.83716   0.16576  -2.92087
       -0        -0        -0        -0        -0        -0        -0        -0        -0        -0 -0.767352 -0.225277  -1.06671  -2.59789  -2.14021  -2.54378  0.355159   0.64752  0.400095 -0.133001
       -0        -0        -0        -0        -0        -0        -0        -0        -0        -0 -0.421559  -1.52764 -0.248744  -2.87821 -0.378034  0.355159  -2.39683 -0.825491  -0.66186  0.364735
       -0        -0        -0        -0        -0        -0        -0        -0        -0        -0 -0.728876   -1.1077  -1.18527  -2.39503  -1.83716   0.64752 -0.825491  -2.04539  -2.93714   -2.3177
       -0        -0        -0        -0        -0        -0        -0        -0        -0        -0  0.948625 -0.236347 -0.459693  -1.11808   0.16576  0.400095  -0.66186  -2.93714   -1.6211   -1.4753
       -0        -0        -0        -0        -0        -0        -0        -0        -0        -0  -1.74168  0.957337  -2.75497  -2.99042  -2.92087 -0.133001  0.364735   -2.3177   -1.4753   0.28299
-0.954431  0.659119  0.765898 -0.855584 -0.466912  0.193735 -0.418037   1.10872   2.84966  0.360809        -0        -0        -0        -0        -0        -0        -0        -0        -0        -0
 0.659119 -0.241371   1.80172   0.66663 -0.983615   2.27806  0.170355   -0.9214 -0.595626    1.8031        -0        -0        -0        -0        -0        -0        -0        -0        -0        -0
0.765898  1.80172  1.38248 0.333351  1.09688  1.80639 0.167269 0.221528 0.969417  1.45088       -0       -0       -0       -0       -0       -0       -0       -0       -0       -0
-0.855584   0.66663  0.333351   1.96912   2.82174   2.57622  0.915314 -0.794402   1.65605   1.52808        -0        -0        -0        -0        -0        -0        -0        -0        -0        -0
-0.466912 -0.983615   1.09688   2.82174    2.1352 -0.201073 -0.860521   2.90034   2.98059 -0.281586        -0        -0        -0        -0        -0        -0        -0        -0        -0        -0
 0.193735   2.27806   1.80639   2.57622 -0.201073  0.598533 0.0647334 -0.643275   1.76834   1.59036        -0        -0        -0        -0        -0        -0        -0        -0        -0        -0
-0.418037  0.170355  0.167269  0.915314 -0.860521 0.0647334   1.84788  0.179189 -0.745414   2.59281        -0        -0        -0        -0        -0        -0        -0        -0        -0        -0
  1.10872   -0.9214  0.221528 -0.794402   2.90034 -0.643275  0.179189   2.84498   0.86017   2.56629        -0        -0        -0        -0        -0        -0        -0        -0        -0        -0
  2.84966 -0.595626  0.969417   1.65605   2.98059   1.76834 -0.745414   0.86017   1.22114   2.36083        -0        -0        -0        -0        -0        -0        -0        -0        -0        -0
 0.360809    1.8031   1.45088   1.52808 -0.281586   1.59036   2.59281   2.56629   2.36083   2.13832        -0        -0        -0        -0        -0        -0        -0        -0        -0        -0
       -0        -0        -0        -0        -0        -0        -0        -0        -0        -0  0.954431 -0.659119 -0.765898  0.855584  0.466912 -0.193735  0.418037  -1.10872  -2.84966 -0.360809
       -0        -0        -0        -0        -0        -0        -0        -0        -0        -0 -0.659119  0.241371  -1.80172  -0.66663  0.983615  -2.27806 -0.170355    0.9214  0.595626   -1.8031
       -0        -0        -0        -0        -0        -0        -0        -0        -0        -0 -0.765898  -1.80172  -1.38248 -0.333351  -1.09688  -1.80639 -0.167269 -0.221528 -0.969417  -1.45088
       -0        -0        -0        -0        -0        -0        -0        -0        -0        -0  0.855584  -0.66663 -0.333351  -1.96912  -2.82174  -2.57622 -0.915314  0.794402  -1.65605  -1.52808
      -0       -0       -0       -0       -0       -0       -0       -0       -0       -0 0.466912 0.983615 -1.09688 -2.82174  -2.1352 0.201073 0.860521 -2.90034 -2.98059 0.281586
        -0         -0         -0         -0         -0         -0         -0         -0         -0         -0  -0.193735   -2.27806   -1.80639   -2.57622   0.201073  -0.598533 -0.0647334   0.643275   -1.76834   -1.59036
        -0         -0         -0         -0         -0         -0         -0         -0         -0         -0   0.418037  -0.170355  -0.167269  -0.915314   0.860521 -0.0647334   -1.84788  -0.179189   0.745414   -2.59281
       -0        -0        -0        -0        -0        -0        -0        -0        -0        -0  -1.10872    0.9214 -0.221528  0.794402  -2.90034  0.643275 -0.179189  -2.84498  -0.86017  -2.56629
       -0        -0        -0        -0        -0        -0        -0        -0        -0        -0  -2.84966  0.595626 -0.969417  -1.65605  -2.98059  -1.76834  0.745414  -0.86017  -1.22114  -2.36083
       -0        -0        -0        -0        -0        -0        -0        -0        -0        -0 -0.360809   -1.8031  -1.45088  -1.52808  0.281586  -1.59036  -2.59281  -2.56629  -2.36083  -2.13832
-0.228567  0.545693   2.00308   1.42548   1.26681   0.25304  0.630855   1.67954    1.2637   2.20276        -0        -0        -0        -0        -0        -0        -0        -0        -0        -0
 0.545693   1.81191  0.166272  -0.63617   1.94988 -0.272566 -0.444471   0.87314  0.875956  0.704931        -0        -0        -0        -0        -0        -0        -0        -0        -0        -0
  2.00308  0.166272   2.30769   -0.1253   1.53384   2.14853 -0.456936  0.409477   2.66698   1.94069        -0        -0        -0        -0        -0        -0        -0        -0        -0        -0
  1.42548  -0.63617   -0.1253  0.642409 -0.768495 -0.439268   1.50556  0.213382  0.412235   2.74582        -0        -0        -0        -0        -0        -0        -0        -0        -0        -0
  1.26681   1.94988   1.53384 -0.768495   1.46499   1.18139   1.19794   1.10464   1.43669 -0.789513        -0        -0        -0        -0        -0        -0        -0        -0        -0        -0
  0.25304 -0.272566   2.14853 -0.439268   1.18139   1.84288   1.89986   2.87447   0.84837  0.138626        -0        -0        -0        -0        -0        -0        -0        -0        -0        -0
 0.630855 -0.444471 -0.456936   1.50556   1.19794   1.89986 0.0554057  0.215188 -0.744883   1.64568        -0        -0        -0        -0        -0        -0        -0        -0        -0        -0
  1.67954   0.87314  0.409477  0.213382   1.10464   2.87447  0.215188 -0.718558   2.02353  0.265893        -0        -0        -0        -0        -0        -0        -0        -0        -0        -0
   1.2637  0.875956   2.66698  0.412235   1.43669   0.84837 -0.744883   2.02353 -0.925923  -0.90376        -0        -0        -0        -0        -0        -0        -0        -0        -0        -0
  2.20276  0.704931   1.94069   2.74582 -0.789513  0.138626   1.64568  0.265893  -0.90376   1.25202        -0        -0        -0        -0        -0        -0        -0        -0        -0        -0
       -0        -0        -0        -0        -0        -0        -0        -0        -0        -0  0.228567 -0.545693  -2.00308  -1.42548  -1.26681  -0.25304 -0.630855  -1.67954   -1.2637  -2.20276
       -0        -0        -0        -0        -0        -0        -0        -0        -0        -0 -0.545693  -1.81191 -0.166272   0.63617  -1.94988  0.272566  0.444471  -0.87314 -0.875956 -0.704931
       -0        -0        -0        -0        -0        -0        -0        -0        -0        -0  -2.00308 -0.166272  -2.30769    0.1253  -1.53384  -2.14853  0.456936 -0.409477  -2.66698  -1.94069
       -0        -0        -0        -0        -0        -0        -0        -0        -0        -0  -1.42548   0.63617    0.1253 -0.642409  0.768495  0.439268  -1.50556 -0.213382 -0.412235  -2.74582
      -0       -0       -0       -0       -0       -0       -0       -0       -0       -0 -1.26681 -1.94988 -1.53384 0.768495 -1.46499 -1.18139 -1.19794 -1.10464 -1.43669 0.789513
       -0        -0        -0        -0        -0        -0        -0        -0        -0        -0  -0.25304  0.272566  -2.14853  0.439268  -1.18139  -1.84288  -1.89986  -2.87447  -0.84837 -0.138626
        -0         -0         -0         -0         -0         -0         -0         -0         -0         -0  -0.630855   0.444471   0.456936   -1.50556   -1.19794   -1.89986 -0.0554057  -0.215188   0.744883   -1.64568
       -0        -0        -0        -0        -0        -0        -0        -0        -0        -0  -1.67954  -0.87314 -0.409477 -0.213382  -1.10464  -2.87447 -0.215188  0.718558  -2.02353 -0.265893
       -0        -0        -0        -0        -0        -0        -0        -0        -0        -0   -1.2637 -0.875956  -2.66698 -0.412235  -1.43669  -0.84837  0.744883  -2.02353  0.925923   0.90376
       -0        -0        -0        -0        -0        -0        -0        -0        -0        -0  -2.20276 -0.704931  -1.94069  -2.74582  0.789513 -0.138626  -1.64568 -0.265893   0.90376  -1.25202
  2.72549 -0.856104 -0.172543 -0.185196 -0.583129 -0.680354   0.59081   -0.9046   1.57192   1.54493        -0        -0        -0        -0        -0        -0        -0        -0        -0        -0
-0.856104 -0.225055 -0.828717 -0.359879  0.116203   2.91288   1.30468   0.93787   2.05912 -0.947596        -0        -0        -0        -0        -0        -0        -0        -0        -0        -0
 -0.172543  -0.828717    2.43825    2.77879    1.45595    2.00998 -0.0386057    2.22607    1.19277  -0.696456         -0         -0         -0         -0         -0         -0         -0         -0         -0         -0
 -0.185196  -0.359879    2.77879 -0.0600406    2.92518     2.7579   0.369603    1.55135     0.5819    2.50633         -0         -0         -0         -0         -0         -0         -0         -0         -0         -0
 -0.583129   0.116203    1.45595    2.92518 -0.0729212    2.68102    2.24464   0.863049    1.81702   0.422008         -0         -0         -0         -0         -0         -0         -0         -0         -0         -0
-0.680354   2.91288   2.00998    2.7579   2.68102   1.92709   1.73648 -0.846851  0.873797   2.54818        -0        -0        -0        -0        -0        -0        -0        -0        -0        -0
   0.59081    1.30468 -0.0386057   0.369603    2.24464    1.73648    0.13756    2.19447  -0.491013    1.24281         -0         -0         -0         -0         -0         -0         -0         -0         -0         -0
  -0.9046   0.93787   2.22607   1.55135  0.863049 -0.846851   2.19447   2.73322   1.22366   1.55957        -0        -0        -0        -0        -0        -0        -0        -0        -0        -0
  1.57192   2.05912   1.19277    0.5819   1.81702  0.873797 -0.491013   1.22366   1.46159  0.962582        -0        -0        -0        -0        -0        -0        -0        -0        -0        -0
  1.54493 -0.947596 -0.696456   2.50633  0.422008   2.54818   1.24281   1.55957  0.962582   2.76381        -0        -0        -0        -0        -0        -0        -0        -0        -0        -0
      -0       -0       -0       -0       -0       -0       -0       -0       -0       -0 -2.72549 0.856104 0.172543 0.185196 0.583129 0.680354 -0.59081   0.9046 -1.57192 -1.54493
       -0        -0        -0        -0        -0        -0        -0        -0        -0        -0  0.856104  0.225055  0.828717  0.359879 -0.116203  -2.91288  -1.30468  -0.93787  -2.05912  0.947596
       -0        -0        -0        -0        -0        -0        -0        -0        -0        -0  0.172543  0.828717  -2.43825  -2.77879  -1.45595  -2.00998 0.0386057  -2.22607  -1.19277  0.696456
       -0        -0        -0        -0        -0        -0        -0        -0        -0        -0  0.185196  0.359879  -2.77879 0.0600406  -2.92518   -2.7579 -0.369603  -1.55135   -0.5819  -2.50633
       -0        -0        -0        -0        -0        -0        -0        -0        -0        -0  0.583129 -0.116203  -1.45595  -2.92518 0.0729212  -2.68102  -2.24464 -0.863049  -1.81702 -0.422008
       -0        -0        -0        -0        -0        -0        -0        -0        -0        -0  0.680354  -2.91288  -2.00998   -2.7579  -2.68102  -1.92709  -1.73648  0.846851 -0.873797  -2.54818
       -0        -0        -0        -0        -0        -0        -0        -0        -0        -0  -0.59081  -1.30468 0.0386057 -0.369603  -2.24464  -1.73648  -0.13756  -2.19447  0.491013  -1.24281
       -0        -0        -0        -0        -0        -0        -0        -0        -0        -0    0.9046  -0.93787  -2.22607  -1.55135 -0.863049  0.846851  -2.19447  -2.73322  -1.22366  -1.55957
       -0        -0        -0        -0        -0        -0        -0        -0        -0        -0  -1.57192  -2.05912  -1.19277   -0.5819  -1.81702 -0.873797  0.491013  -1.22366  -1.46159 -0.962582
       -0        -0        -0        -0        -0        -0        -0        -0        -0        -0  -1.54493  0.947596  0.696456  -2.50633 -0.422008  -2.54818  -1.24281  -1.55957 -0.962582  -2.76381
-0.330566   1.08369  0.959619    1.9458 -0.952448   2.36732   1.60061   1.31668 -0.502448  0.088607        -0        -0        -0        -0        -0        -0        -0        -0        -0        -0
  1.08369  0.869869   0.43286  0.315269 -0.671266   1.75217  0.946839    1.5967 -0.824494   1.51583        -0        -0        -0        -0        -0        -0        -0        -0        -0        -0
 0.959619   0.43286  -0.33574  0.831911  0.380025   1.87985 -0.921051   0.44753 -0.926783 -0.855687        -0        -0        -0        -0        -0        -0        -0        -0        -0        -0
   1.9458  0.315269  0.831911 -0.352519  0.894798 -0.968423 -0.567483   2.69671    2.3774  0.167556        -0        -0        -0        -0        -0        -0        -0        -0        -0        -0
-0.952448 -0.671266  0.380025  0.894798 -0.394801 0.0153311   1.59432 -0.508501 -0.792917   1.94835        -0        -0        -0        -0        -0        -0        -0        -0        -0        -0
  2.36732   1.75217   1.87985 -0.968423 0.0153311   2.81904  0.289722   1.05273 0.0885479   1.73863        -0        -0        -0        -0        -0        -0        -0        -0        -0        -0
  1.60061  0.946839 -0.921051 -0.567483   1.59432  0.289722   1.87376   -0.4715   2.19644   1.45728        -0        -0        -0        -0        -0        -0        -0        -0        -0        -0
  1.31668    1.5967   0.44753   2.69671 -0.508501   1.05273   -0.4715   2.05056   1.32493  0.822104        -0        -0        -0        -0        -0        -0        -0        -0        -0        -0
-0.502448 -0.824494 -0.926783    2.3774 -0.792917 0.0885479   2.19644   1.32493   2.91523  0.545159        -0        -0        -0        -0        -0        -0        -0        -0        -0        -0
  0.088607    1.51583  -0.855687   0.167556    1.94835    1.73863    1.45728   0.822104   0.545159 0.00642625         -0         -0         -0         -0         -0         -0         -0         -0         -0         -0
       -0        -0        -0        -0        -0        -0        -0        -0        -0        -0  0.330566  -1.08369 -0.959619   -1.9458  0.952448  -2.36732  -1.60061  -1.31668  0.502448 -0.088607
       -0        -0        -0        -0        -0        -0        -0        -0        -0        -0  -1.08369 -0.869869  -0.43286 -0.315269  0.671266  -1.75217 -0.946839   -1.5967  0.824494  -1.51583
       -0        -0        -0        -0        -0        -0        -0        -0        -0        -0 -0.959619  -0.43286   0.33574 -0.831911 -0.380025  -1.87985  0.921051  -0.44753  0.926783  0.855687
       -0        -0        -0        -0        -0        -0        -0        -0        -0        -0   -1.9458 -0.315269 -0.831911  0.352519 -0.894798  0.968423  0.567483  -2.69671   -2.3774 -0.167556
        -0         -0         -0         -0         -0         -0         -0         -0         -0         -0   0.952448   0.671266  -0.380025  -0.894798   0.394801 -0.0153311   -1.59432   0.508501   0.792917   -1.94835
        -0         -0         -0         -0         -0         -0         -0         -0         -0         -0   -2.36732   -1.75217   -1.87985   0.968423 -0.0153311   -2.81904  -0.289722   -1.05273 -0.0885479   -1.73863
       -0        -0        -0        -0        -0        -0        -0        -0        -0        -0  -1.60061 -0.946839  0.921051  0.567483  -1.59432 -0.289722  -1.87376    0.4715  -2.19644  -1.45728
       -0        -0        -0        -0        -0        -0        -0        -0        -0        -0  -1.31668   -1.5967  -0.44753  -2.69671  0.508501  -1.05273    0.4715  -2.05056  -1.32493 -0.822104
        -0         -0         -0         -0         -0         -0         -0         -0         -0         -0   0.502448   0.824494   0.926783    -2.3774   0.792917 -0.0885479   -2.19644   -1.32493   -2.91523  -0.545159
         -0          -0          -0          -0          -0          -0          -0          -0          -0          -0   -0.088607    -1.51583    0.855687   -0.167556    -1.94835    -1.73863    -1.45728   -0.822104   -0.545159 -0.00642625
   1.9409  0.408097 -0.585946   2.67673   1.79121 -0.706044 -0.489289    1.5844   2.03045   1.48091        -0        -0        -0        -0        -0        -0        -0        -0        -0        -0
  0.408097    2.64274    2.04547  -0.287731   0.757694    2.81318   0.410392    2.16154 -0.0736123   0.692488         -0         -0         -0         -0         -0         -0         -0         -0         -0         -0
 -0.585946    2.04547 0.00091753  -0.295999    1.16241    1.85033    2.72778    2.58455   0.141674  -0.911806         -0         -0         -0         -0         -0         -0         -0         -0         -0         -0
  2.67673 -0.287731 -0.295999   2.27986   1.21606  0.294874  0.214713 -0.253188  0.880784   1.20868        -0        -0        -0        -0        -0        -0        -0        -0        -0        -0
  1.79121  0.757694   1.16241   1.21606   2.23901 -0.628449 -0.309751  0.377598   1.22126    1.9072        -0        -0        -0        -0        -0        -0        -0        -0        -0        -0
-0.706044   2.81318   1.85033  0.294874 -0.628449   2.06336 -0.171525   1.82356  0.513225 -0.221557        -0        -0        -0        -0        -0        -0        -0        -0        -0        -0
-0.489289  0.410392   2.72778  0.214713 -0.309751 -0.171525  0.477262  0.929361 -0.055859   2.03716        -0        -0        -0        -0        -0        -0        -0        -0        -0        -0
   1.5844   2.16154   2.58455 -0.253188  0.377598   1.82356  0.929361   2.22559    2.4654 -0.615537        -0        -0        -0        -0        -0        -0        -0        -0        -0        -0
   2.03045 -0.0736123   0.141674   0.880784    1.22126   0.513225  -0.055859     2.4654   0.181777  -0.156825         -0         -0         -0         -0         -0         -0         -0         -0         -0         -0
  1.48091  0.692488 -0.911806   1.20868    1.9072 -0.221557   2.03716 -0.615537 -0.156825   2.40749        -0        -0        -0        -0        -0        -0        -0        -0        -0        -0
       -0        -0        -0        -0        -0        -0        -0        -0        -0        -0   -1.9409 -0.408097  0.585946  -2.67673  -1.79121  0.706044  0.489289   -1.5844  -2.03045  -1.48091
       -0        -0        -0        -0        -0        -0        -0        -0        -0        -0 -0.408097  -2.64274  -2.04547  0.287731 -0.757694  -2.81318 -0.410392  -2.16154 0.0736123 -0.692488
         -0          -0          -0          -0          -0          -0          -0          -0          -0          -0    0.585946    -2.04547 -0.00091753    0.295999    -1.16241    -1.85033    -2.72778    -2.58455   -0.141674    0.911806
       -0        -0        -0        -0        -0        -0        -0        -0        -0        -0  -2.67673  0.287731  0.295999  -2.27986  -1.21606 -0.294874 -0.214713  0.253188 -0.880784  -1.20868
       -0        -0        -0        -0        -0        -0        -0        -0        -0        -0  -1.79121 -0.757694  -1.16241  -1.21606  -2.23901  0.628449  0.309751 -0.377598  -1.22126   -1.9072
       -0        -0        -0        -0        -0        -0        -0        -0        -0        -0  0.706044  -2.81318  -1.85033 -0.294874  0.628449  -2.06336  0.171525  -1.82356 -0.513225  0.221557
       -0        -0        -0        -0        -0        -0        -0        -0        -0        -0  0.489289 -0.410392  -2.72778 -0.214713  0.309751  0.171525 -0.477262 -0.929361  0.055859  -2.03716
       -0        -0        -0        -0        -0        -0        -0        -0        -0        -0   -1.5844  -2.16154  -2.58455  0.253188 -0.377598  -1.82356 -0.929361  -2.22559   -2.4654  0.615537
       -0        -0        -0        -0        -0        -0        -0        -0        -0        -0  -2.03045 0.0736123 -0.141674 -0.880784  -1.22126 -0.513225  0.055859   -2.4654 -0.181777  0.156825
       -0        -0        -0        -0        -0        -0        -0        -0        -0        -0  -1.48091 -0.692488  0.911806  -1.20868   -1.9072  0.221557  -2.03716  0.615537  0.156825  -2.40749
  1.21132   2.43224    2.7054   1.99916   1.13158 -0.516856  0.487046    0.8355 -0.104365   1.16951        -0        -0        -0        -0        -0        -0        -0        -0        -0        -0
 2.43224  1.20268  1.34583  1.46439  1.55317  2.70619  1.06544  2.30217 0.845588 -0.53596       -0       -0       -0       -0       -0       -0       -0       -0       -0       -0
    2.7054    1.34583 -0.0385952  -0.157206    1.88972     1.9201  -0.969385  0.0211293    2.40538  -0.577921         -0         -0         -0         -0         -0         -0         -0         -0         -0         -0
  1.99916   1.46439 -0.157206  0.568192 -0.690164  0.444548   1.32984  -0.27478   2.81574   1.20013        -0        -0        -0        -0        -0        -0        -0        -0        -0        -0
  1.13158   1.55317   1.88972 -0.690164   2.12709   2.49979   2.63364     2.612   2.29014   1.79388        -0        -0        -0        -0        -0        -0        -0        -0        -0        -0
-0.516856   2.70619    1.9201  0.444548   2.49979   2.47461 -0.709116 -0.851783   1.90516 -0.944285        -0        -0        -0        -0        -0        -0        -0        -0        -0        -0
 0.487046   1.06544 -0.969385   1.32984   2.63364 -0.709116   2.34702    2.6984   2.29035   1.49101        -0        -0        -0        -0        -0        -0        -0        -0        -0        -0
   0.8355   2.30217 0.0211293  -0.27478     2.612 -0.851783    2.6984  -0.67864  -0.39671    1.1409        -0        -0        -0        -0        -0        -0        -0        -0        -0        -0
-0.104365  0.845588   2.40538   2.81574   2.29014   1.90516   2.29035  -0.39671   1.97699  0.204172        -0        -0        -0        -0        -0        -0        -0        -0        -0        -0
  1.16951  -0.53596 -0.577921   1.20013   1.79388 -0.944285   1.49101    1.1409  0.204172    2.6616        -0        -0        -0        -0        -0        -0        -0        -0        -0        -0
       -0        -0        -0        -0        -0        -0        -0        -0        -0        -0  -1.21132  -2.43224   -2.7054  -1.99916  -1.13158  0.516856 -0.487046   -0.8355  0.104365  -1.16951
       -0        -0        -0        -0        -0        -0        -0        -0        -0        -0  -2.43224  -1.20268  -1.34583  -1.46439  -1.55317  -2.70619  -1.06544  -2.30217 -0.845588   0.53596
        -0         -0         -0         -0         -0         -0         -0         -0         -0         -0    -2.7054   -1.34583  0.0385952   0.157206   -1.88972    -1.9201   0.969385 -0.0211293   -2.40538   0.577921
       -0        -0        -0        -0        -0        -0        -0        -0        -0        -0  -1.99916  -1.46439  0.157206 -0.568192  0.690164 -0.444548  -1.32984   0.27478  -2.81574  -1.20013
      -0       -0       -0       -0       -0       -0       -0       -0       -0       -0 -1.13158 -1.55317 -1.88972 0.690164 -2.12709 -2.49979 -2.63364   -2.612 -2.29014 -1.79388
       -0        -0        -0        -0        -0        -0        -0        -0        -0        -0  0.516856  -2.70619   -1.9201 -0.444548  -2.49979  -2.47461  0.709116  0.851783  -1.90516  0.944285
       -0        -0        -0        -0        -0        -0        -0        -0        -0        -0 -0.487046  -1.06544  0.969385  -1.32984  -2.63364  0.709116  -2.34702   -2.6984  -2.29035  -1.49101
        -0         -0         -0         -0         -0         -0         -0         -0         -0         -0    -0.8355   -2.30217 -0.0211293    0.27478     -2.612   0.851783    -2.6984    0.67864    0.39671    -1.1409
       -0        -0        -0        -0        -0        -0        -0        -0        -0        -0  0.104365 -0.845588  -2.40538  -2.81574  -2.29014  -1.90516  -2.29035   0.39671  -1.97699 -0.204172
       -0        -0        -0        -0        -0        -0        -0        -0        -0        -0  -1.16951   0.53596  0.577921  -1.20013  -1.79388  0.944285  -1.49101   -1.1409 -0.204172   -2.6616
 -0.391141    2.16248   0.255496    2.40192 0.00654422    -0.1413    0.74257   0.735288  -0.841883    0.82088         -0         -0         -0         -0         -0         -0         -0         -0         -0         -0
  2.16248   2.79277   2.04918    1.4577 -0.632199   2.39424   1.58953 -0.252636   2.23789   2.75903        -0        -0        -0        -0        -0        -0        -0        -0        -0        -0
  0.255496    2.04918 -0.0859426   0.977133    2.63137    1.19799   0.787236    2.03485    1.13953    2.58055         -0         -0         -0         -0         -0         -0         -0         -0         -0         -0
 2.40192   1.4577 0.977133  1.36569 0.992781 0.772757   2.7197 0.366662  1.35611  2.60812       -0       -0       -0       -0       -0       -0       -0       -0       -0       -0
0.00654422  -0.632199    2.63137   0.992781    1.93566   0.071817 -0.0447807    1.74015  0.0106488    2.47873         -0         -0         -0         -0         -0         -0         -0         -0         -0         -0
  -0.1413   2.39424   1.19799  0.772757  0.071817    2.4473  0.874925  0.970508   2.21135 -0.464233        -0        -0        -0        -0        -0        -0        -0        -0        -0        -0
   0.74257    1.58953   0.787236     2.7197 -0.0447807   0.874925   0.461728  -0.393454   0.803406   0.483042         -0         -0         -0         -0         -0         -0         -0         -0         -0         -0
  0.735288  -0.252636    2.03485   0.366662    1.74015   0.970508  -0.393454 0.00929976    1.49134 -0.0595399         -0         -0         -0         -0         -0         -0         -0         -0         -0         -0
-0.841883   2.23789   1.13953   1.35611 0.0106488   2.21135  0.803406   1.49134   1.01646   1.43245        -0        -0        -0        -0        -0        -0        -0        -0        -0        -0
   0.82088    2.75903    2.58055    2.60812    2.47873  -0.464233   0.483042 -0.0595399    1.43245   0.223862         -0         -0         -0         -0         -0         -0         -0         -0         -0         -0
         -0          -0          -0          -0          -0          -0          -0          -0          -0          -0    0.391141    -2.16248   -0.255496    -2.40192 -0.00654422      0.1413    -0.74257   -0.735288    0.841883    -0.82088
      -0       -0       -0       -0       -0       -0       -0       -0       -0       -0 -2.16248 -2.79277 -2.04918  -1.4577 0.632199 -2.39424 -1.58953 0.252636 -2.23789 -2.75903
       -0        -0        -0        -0        -0        -0        -0        -0        -0        -0 -0.255496  -2.04918 0.0859426 -0.977133  -2.63137  -1.19799 -0.787236  -2.03485  -1.13953  -2.58055
       -0        -0        -0        -0        -0        -0        -0        -0        -0        -0  -2.40192   -1.4577 -0.977133  -1.36569 -0.992781 -0.772757   -2.7197 -0.366662  -1.35611  -2.60812
         -0          -0          -0          -0          -0          -0          -0          -0          -0          -0 -0.00654422    0.632199    -2.63137   -0.992781    -1.93566   -0.071817   0.0447807    -1.74015  -0.0106488    -2.47873
       -0        -0        -0        -0        -0        -0        -0        -0        -0        -0    0.1413  -2.39424  -1.19799 -0.772757 -0.071817   -2.4473 -0.874925 -0.970508  -2.21135  0.464233
       -0        -0        -0        -0        -0        -0        -0        -0        -0        -0  -0.74257  -1.58953 -0.787236   -2.7197 0.0447807 -0.874925 -0.461728  0.393454 -0.803406 -0.483042
         -0          -0          -0          -0          -0          -0          -0          -0          -0          -0   -0.735288    0.252636    -2.03485   -0.366662    -1.74015   -0.970508    0.393454 -0.00929976    -1.49134   0.0595399
        -0         -0         -0         -0         -0         -0         -0         -0         -0         -0   0.841883   -2.23789   -1.13953   -1.35611 -0.0106488   -2.21135  -0.803406   -1.49134   -1.01646   -1.43245
       -0        -0        -0        -0        -0        -0        -0        -0        -0        -0  -0.82088  -2.75903  -2.58055  -2.60812  -2.47873  0.464233 -0.483042 0.0595399  -1.43245 -0.223862
  2.60751  -0.11376   2.02932   0.86784   1.28659    2.8239 -0.213983  0.375262  0.824498  0.192118        -0        -0        -0        -0        -0        -0        -0        -0        -0        -0
 -0.11376  0.878788   2.55282  -0.96069   1.30742  0.452421   1.71465 -0.938245   1.26809  0.841709        -0        -0        -0        -0        -0        -0        -0        -0        -0        -0
  2.02932   2.55282 -0.987389   0.74583 -0.850103  0.041894   2.79897   0.54068  0.785473   1.63068        -0        -0        -0        -0        -0        -0        -0        -0        -0        -0
    0.86784    -0.96069     0.74583     2.83907   -0.483464     2.83651     1.53185    0.525159     1.86639 -0.00891467          -0          -0          -0          -0          -0          -0          -0          -0          -0          -0
  1.28659   1.30742 -0.850103 -0.483464  0.333195 -0.937709   1.55372 -0.421708   1.10461 -0.626444        -0        -0        -0        -0        -0        -0        -0        -0        -0        -0
   2.8239  0.452421  0.041894   2.83651 -0.937709 -0.797169   1.48063   1.87387  0.847764  0.184397        -0        -0        -0        -0        -0        -0        -0        -0        -0        -0
-0.213983   1.71465   2.79897   1.53185   1.55372   1.48063  0.812079  0.909954   2.06922   2.47172        -0        -0        -0        -0        -0        -0        -0        -0        -0        -0
 0.375262 -0.938245   0.54068  0.525159 -0.421708   1.87387  0.909954 -0.664575  0.432461   1.18564        -0        -0        -0        -0        -0        -0        -0        -0        -0        -0
 0.824498   1.26809  0.785473   1.86639   1.10461  0.847764   2.06922  0.432461 0.0556921 -0.711451        -0        -0        -0        -0        -0        -0        -0        -0        -0        -0
   0.192118    0.841709     1.63068 -0.00891467   -0.626444    0.184397     2.47172     1.18564   -0.711451    0.246886          -0          -0          -0          -0          -0          -0          -0          -0          -0          -0
       -0        -0        -0        -0        -0        -0        -0        -0        -0        -0  -2.60751   0.11376  -2.02932  -0.86784  -1.28659   -2.8239  0.213983 -0.375262 -0.824498 -0.192118
       -0        -0        -0        -0        -0        -0        -0        -0        -0        -0   0.11376 -0.878788  -2.55282   0.96069  -1.30742 -0.452421  -1.71465  0.938245  -1.26809 -0.841709
       -0        -0        -0        -0        -0        -0        -0        -0        -0        -0  -2.02932  -2.55282  0.987389  -0.74583  0.850103 -0.041894  -2.79897  -0.54068 -0.785473  -1.63068
        -0         -0         -0         -0         -0         -0         -0         -0         -0         -0   -0.86784    0.96069   -0.74583   -2.83907   0.483464   -2.83651   -1.53185  -0.525159   -1.86639 0.00891467
       -0        -0        -0        -0        -0        -0        -0        -0        -0        -0  -1.28659  -1.30742  0.850103  0.483464 -0.333195  0.937709  -1.55372  0.421708  -1.10461  0.626444
       -0        -0        -0        -0        -0        -0        -0        -0        -0        -0   -2.8239 -0.452421 -0.041894  -2.83651  0.937709  0.797169  -1.48063  -1.87387 -0.847764 -0.184397
       -0        -0        -0        -0        -0        -0        -0        -0        -0        -0  0.213983  -1.71465  -2.79897  -1.53185  -1.55372  -1.48063 -0.812079 -0.909954  -2.06922  -2.47172
       -0        -0        -0        -0        -0        -0        -0        -0        -0        -0 -0.375262  0.938245  -0.54068 -0.525159  0.421708  -1.87387 -0.909954  0.664575 -0.432461  -1.18564
        -0         -0         -0         -0         -0         -0         -0         -0         -0         -0  -0.824498   -1.26809  -0.785473   -1.86639   -1.10461  -0.847764   -2.06922  -0.432461 -0.0556921   0.711451
        -0         -0         -0         -0         -0         -0         -0         -0         -0         -0  -0.192118  -0.841709   -1.63068 0.00891467   0.626444  -0.184397   -2.47172   -1.18564   0.711451  -0.246886
  0.418894   0.431976   0.898504 -0.0153852  0.0113657    2.78938   0.488528    2.42952   0.250839   0.860276         -0         -0         -0         -0         -0         -0         -0         -0         -0         -0
 0.431976 -0.953144   2.27492    2.9407  0.385811  0.243628   1.55353   2.19604   2.41014   1.57807        -0        -0        -0        -0        -0        -0        -0        -0        -0        -0
 0.898504   2.27492   2.96262   2.66594    1.4494  0.565176   1.55067  0.349029   2.83033 -0.230355        -0        -0        -0        -0        -0        -0        -0        -0        -0        -0
-0.0153852     2.9407    2.66594    1.29326     2.5571    2.75199    0.15447   0.878924    1.81602  -0.589051         -0         -0         -0         -0         -0         -0         -0         -0         -0         -0
0.0113657  0.385811    1.4494    2.5571  -0.39674  0.772814 -0.153215   1.75314   2.16214   2.73254        -0        -0        -0        -0        -0        -0        -0        -0        -0        -0
 2.78938 0.243628 0.565176  2.75199 0.772814 0.831186 0.450948 0.952289 0.603143  0.61643       -0       -0       -0       -0       -0       -0       -0       -0       -0       -0
 0.488528   1.55353   1.55067   0.15447 -0.153215  0.450948 -0.990618   2.24158 -0.352799  0.861896        -0        -0        -0        -0        -0        -0        -0        -0        -0        -0
 2.42952  2.19604 0.349029 0.878924  1.75314 0.952289  2.24158  1.96059   2.2503  2.74192       -0       -0       -0       -0       -0       -0       -0       -0       -0       -0
 0.250839   2.41014   2.83033   1.81602   2.16214  0.603143 -0.352799    2.2503 0.0895387    1.6434        -0        -0        -0        -0        -0        -0        -0        -0        -0        -0
 0.860276   1.57807 -0.230355 -0.589051   2.73254   0.61643  0.861896   2.74192    1.6434 -0.953432        -0        -0        -0        -0        -0        -0        -0        -0        -0        -0
        -0         -0         -0         -0         -0         -0         -0         -0         -0         -0  -0.418894  -0.431976  -0.898504  0.0153852 -0.0113657   -2.78938  -0.488528   -2.42952  -0.250839  -0.860276
       -0        -0        -0        -0        -0        -0        -0        -0        -0        -0 -0.431976  0.953144  -2.27492   -2.9407 -0.385811 -0.243628  -1.55353  -2.19604  -2.41014  -1.57807
       -0        -0        -0        -0        -0        -0        -0        -0        -0        -0 -0.898504  -2.27492  -2.96262  -2.66594   -1.4494 -0.565176  -1.55067 -0.349029  -2.83033  0.230355
       -0        -0        -0        -0        -0        -0        -0        -0        -0        -0 0.0153852   -2.9407  -2.66594  -1.29326   -2.5571  -2.75199  -0.15447 -0.878924  -1.81602  0.589051
        -0         -0         -0         -0         -0         -0         -0         -0         -0         -0 -0.0113657  -0.385811    -1.4494    -2.5571    0.39674  -0.772814   0.153215   -1.75314   -2.16214   -2.73254
       -0        -0        -0        -0        -0        -0        -0        -0        -0        -0  -2.78938 -0.243628 -0.565176  -2.75199 -0.772814 -0.831186 -0.450948 -0.952289 -0.603143  -0.61643
       -0        -0        -0        -0        -0        -0        -0        -0        -0        -0 -0.488528  -1.55353  -1.55067  -0.15447  0.153215 -0.450948  0.990618  -2.24158  0.352799 -0.861896
       -0        -0        -0        -0        -0        -0        -0        -0        -0        -0  -2.42952  -2.19604 -0.349029 -0.878924  -1.75314 -0.952289  -2.24158  -1.96059   -2.2503  -2.74192
        -0         -0         -0         -0         -0         -0         -0         -0         -0         -0  -0.250839   -2.41014   -2.83033   -1.81602   -2.16214  -0.603143   0.352799    -2.2503 -0.0895387    -1.6434
       -0        -0        -0        -0        -0        -0        -0        -0        -0        -0 -0.860276  -1.57807  0.230355  0.589051  -2.73254  -0.61643 -0.861896  -2.74192   -1.6434  0.953432
  2.70514  0.780127    2.8865 -0.370511 -0.251373 0.0414994   2.45612    2.2429 -0.855361   1.09015        -0        -0        -0        -0        -0        -0        -0        -0        -0        -0
  0.780127    1.20717    1.31008    1.06079    2.91431    2.61141     1.6788 -0.0621155    1.73891    2.92891         -0         -0         -0         -0         -0         -0         -0         -0         -0         -0
  2.8865  1.31008   1.8812  1.98891 0.031338  1.74536  1.95289  2.43428 0.665082 0.084489       -0       -0       -0       -0       -0       -0       -0       -0       -0       -0
-0.370511   1.06079   1.98891   2.87209   1.78599    2.9227   1.44503 -0.725766      1.89 0.0430378        -0        -0        -0        -0        -0        -0        -0        -0        -0        -0
-0.251373   2.91431  0.031338   1.78599  0.524765 -0.732438   1.55089   2.72387   1.66161   1.37393        -0        -0        -0        -0        -0        -0        -0        -0        -0        -0
 0.0414994    2.61141    1.74536     2.9227  -0.732438   0.466386    1.06785 -0.0409558   0.932644    2.63538         -0         -0         -0         -0         -0         -0         -0         -0         -0         -0
  2.45612    1.6788   1.95289   1.44503   1.55089   1.06785  0.385786   1.32876 -0.643615   2.11089        -0        -0        -0        -0        -0        -0        -0        -0        -0        -0
    2.2429 -0.0621155    2.43428  -0.725766    2.72387 -0.0409558    1.32876    2.70935   0.198049    2.75972         -0         -0         -0         -0         -0         -0         -0         -0         -0         -0
-0.855361   1.73891  0.665082      1.89   1.66161  0.932644 -0.643615  0.198049 -0.527216 -0.945893        -0        -0        -0        -0        -0        -0        -0        -0        -0        -0
  1.09015   2.92891  0.084489 0.0430378   1.37393   2.63538   2.11089   2.75972 -0.945893   2.30014        -0        -0        -0        -0        -0        -0        -0        -0        -0        -0
        -0         -0         -0         -0         -0         -0         -0         -0         -0         -0   -2.70514  -0.780127    -2.8865   0.370511   0.251373 -0.0414994   -2.45612    -2.2429   0.855361   -1.09015
       -0        -0        -0        -0        -0        -0        -0        -0        -0        -0 -0.780127  -1.20717  -1.31008  -1.06079  -2.91431  -2.61141   -1.6788 0.0621155  -1.73891  -2.92891
       -0        -0        -0        -0        -0        -0        -0        -0        -0        -0   -2.8865  -1.31008   -1.8812  -1.98891 -0.031338  -1.74536  -1.95289  -2.43428 -0.665082 -0.084489
        -0         -0         -0         -0         -0         -0         -0         -0         -0         -0   0.370511   -1.06079   -1.98891   -2.87209   -1.78599    -2.9227   -1.44503   0.725766      -1.89 -0.0430378
       -0        -0        -0        -0        -0        -0        -0        -0        -0        -0  0.251373  -2.91431 -0.031338  -1.78599 -0.524765  0.732438  -1.55089  -2.72387  -1.66161  -1.37393
        -0         -0         -0         -0         -0         -0         -0         -0         -0         -0 -0.0414994   -2.61141   -1.74536    -2.9227   0.732438  -0.466386   -1.06785  0.0409558  -0.932644   -2.63538
       -0        -0        -0        -0        -0        -0        -0        -0        -0        -0  -2.45612   -1.6788  -1.95289  -1.44503  -1.55089  -1.06785 -0.385786  -1.32876  0.643615  -2.11089
       -0        -0        -0        -0        -0        -0        -0        -0        -0        -0   -2.2429 0.0621155  -2.43428  0.725766  -2.72387 0.0409558  -1.32876  -2.70935 -0.198049  -2.75972
       -0        -0        -0        -0        -0        -0        -0        -0        -0        -0  0.855361  -1.73891 -0.665082     -1.89  -1.66161 -0.932644  0.643615 -0.198049  0.527216  0.945893
        -0         -0         -0         -0         -0         -0         -0         -0         -0         -0   -1.09015   -2.92891  -0.084489 -0.0430378   -1.37393   -2.63538   -2.11089   -2.75972   0.945893   -2.30014
  2.27969   2.95366  0.467968  0.513197  0.123825 -0.841858   2.41864  0.709347 -0.940685   2.99088        -0        -0        -0        -0        -0        -0        -0        -0        -0        -0
   2.95366    2.81589    1.05913   0.366422    1.96384  -0.563599  -0.139375    1.84901 -0.0835297   0.804792         -0         -0         -0         -0         -0         -0         -0         -0         -0         -0
 0.467968   1.05913   2.95308  0.538945  0.200267    1.0322  0.891385 -0.958224    1.2206   2.43394        -0        -0        -0        -0        -0        -0        -0        -0        -0        -0
  0.513197   0.366422   0.538945   0.751224   0.233151  -0.888781 -0.0424181    1.90961    1.09152   0.882269         -0         -0         -0         -0         -0         -0         -0         -0         -0         -0
 0.123825   1.96384  0.200267  0.233151 -0.417418   1.98886   1.61185 -0.917843 0.0276896   1.76237        -0        -0        -0        -0        -0        -0        -0        -0        -0        -0
-0.841858 -0.563599    1.0322 -0.888781   1.98886  0.134373  0.971776 -0.375642  0.209462   1.04579        -0        -0        -0        -0        -0        -0        -0        -0        -0        -0
   2.41864  -0.139375   0.891385 -0.0424181    1.61185   0.971776    1.06776    1.81577    2.22589    2.85405         -0         -0         -0         -0         -0         -0         -0         -0         -0         -0
 0.709347   1.84901 -0.958224   1.90961 -0.917843 -0.375642   1.81577 -0.913756   2.46592 -0.169862        -0        -0        -0        -0        -0        -0        -0        -0        -0        -0
 -0.940685 -0.0835297     1.2206    1.09152  0.0276896   0.209462    2.22589    2.46592    1.38616    1.37076         -0         -0         -0         -0         -0         -0         -0         -0         -0         -0
  2.99088  0.804792   2.43394  0.882269   1.76237   1.04579   2.85405 -0.169862   1.37076  0.579226        -0        -0        -0        -0        -0        -0        -0        -0        -0        -0
       -0        -0        -0        -0        -0        -0        -0        -0        -0        -0  -2.27969  -2.95366 -0.467968 -0.513197 -0.123825  0.841858  -2.41864 -0.709347  0.940685  -2.99088
       -0        -0        -0        -0        -0        -0        -0        -0        -0        -0  -2.95366  -2.81589  -1.05913 -0.366422  -1.96384  0.563599  0.139375  -1.84901 0.0835297 -0.804792
       -0        -0        -0        -0        -0        -0        -0        -0        -0        -0 -0.467968  -1.05913  -2.95308 -0.538945 -0.200267   -1.0322 -0.891385  0.958224   -1.2206  -2.43394
       -0        -0        -0        -0        -0        -0        -0        -0        -0        -0 -0.513197 -0.366422 -0.538945 -0.751224 -0.233151  0.888781 0.0424181  -1.90961  -1.09152 -0.882269
        -0         -0         -0         -0         -0         -0         -0         -0         -0         -0  -0.123825   -1.96384  -0.200267  -0.233151   0.417418   -1.98886   -1.61185   0.917843 -0.0276896   -1.76237
       -0        -0        -0        -0        -0        -0        -0        -0        -0        -0  0.841858  0.563599   -1.0322  0.888781  -1.98886 -0.134373 -0.971776  0.375642 -0.209462  -1.04579
       -0        -0        -0        -0        -0        -0        -0        -0        -0        -0  -2.41864  0.139375 -0.891385 0.0424181  -1.61185 -0.971776  -1.06776  -1.81577  -2.22589  -2.85405
       -0        -0        -0        -0        -0        -0        -0        -0        -0        -0 -0.709347  -1.84901  0.958224  -1.90961  0.917843  0.375642  -1.81577  0.913756  -2.46592  0.169862
        -0         -0         -0         -0         -0         -0         -0         -0         -0         -0   0.940685  0.0835297    -1.2206   -1.09152 -0.0276896  -0.209462   -2.22589   -2.46592   -1.38616   -1.37076
       -0        -0        -0        -0        -0        -0        -0        -0        -0        -0  -2.99088 -0.804792  -2.43394 -0.882269  -1.76237  -1.04579  -2.85405  0.169862  -1.37076 -0.579226
