20
1
20
 -0.011441 -0.0583224   0.182928   0.300094 -0.0697563   0.347439  -0.144697  0.0636433  -0.236298   0.236615  -0.102312  -0.285529   0.132711   0.322752  -0.116543  -0.143708  -0.139234   0.167533  0.0889707  -0.554237
-47.1773 -25.1448 -38.9669 -22.4439 -27.4695 -30.4992 -27.3526 -19.7934 -21.0618 -32.9039 -34.6537 -19.7915 -9.42111 -42.9581 -20.0829 -21.7892 -26.0164 -17.2356 -22.3011 -22.7023
-25.1448 -41.8585 -37.5905 -23.7551 -26.0262 -24.3328 -23.0182 -20.5322 -16.3044 -33.7799 -17.4245 -18.2296  -11.815 -33.7517 -21.9005 -25.8872 -9.77769  -12.121 -27.9798 -30.6985
-38.9669 -37.5905 -69.7562 -29.4127 -30.7388 -37.9042 -30.5707 -28.5113 -15.8624 -32.7254 -31.9214   -30.83 -18.7549 -45.0576 -20.1331 -24.4272  -20.056  -16.823 -22.9208 -31.0237
-22.4439 -23.7551 -29.4127 -70.5752 -17.5752 -22.9754 -22.1986 -37.3232 -7.74813 -36.3014 -32.9514 -23.7274 -20.6462 -34.8155 -28.0673 -21.4179 -15.2506 -14.7913 -40.6164 -35.3033
-27.4695 -26.0262 -30.7388 -17.5752 -50.3483  -41.709    -26.1 -16.1319 -8.37037 -36.0796 -23.7017 -35.0145 -8.57189 -35.0558 -26.9105 -17.8202 -26.8947 -24.5562 -21.4664 -28.3252
-30.4992 -24.3328 -37.9042 -22.9754  -41.709 -51.4305 -27.1035 -22.9979 -10.2264 -37.1021 -32.9372 -33.0402 -14.7627 -37.2342 -25.2151   -18.55 -23.1008 -25.7166 -19.7287 -22.0593
-27.3526 -23.0182 -30.5707 -22.1986    -26.1 -27.1035 -56.4008 -5.77222 -13.9605 -26.4024 -12.7847  -14.127 -12.5029 -29.8782 -6.87987 -14.7108 -22.3172 -27.3526 -14.3004 -15.5751
-19.7934 -20.5322 -28.5113 -37.3232 -16.1319 -22.9979 -5.77222 -51.2233 -4.49105 -29.8779 -40.9662 -23.7454 -27.5328  -25.703 -19.3175 -16.2426 -10.5521 -3.88531 -22.3341 -35.9771
-21.0618 -16.3044 -15.8624 -7.74813 -8.37037 -10.2264 -13.9605 -4.49105 -36.0092 -20.0417  -25.341 -5.02309 -12.2072 -39.0443 -24.5182  -13.533 -17.9082 -11.7593 -22.5766 -23.3332
-32.9039 -33.7799 -32.7254 -36.3014 -36.0796 -37.1021 -26.4024 -29.8779 -20.0417  -63.448 -42.2786 -27.4031 -15.8709  -46.997  -29.579 -33.3328 -21.1407 -27.4117 -43.9237 -36.7829
-34.6537 -17.4245 -31.9214 -32.9514 -23.7017 -32.9372 -12.7847 -40.9662  -25.341 -42.2786 -70.4669 -31.5487  -27.747 -54.5314 -34.0042 -19.5766 -31.0227 -20.1325 -33.3888 -33.4545
-19.7915 -18.2296   -30.83 -23.7274 -35.0145 -33.0402  -14.127 -23.7454 -5.02309 -27.4031 -31.5487 -48.9662 -11.2843 -37.7054 -29.2757  -6.1848 -16.4867 -18.2999 -19.1767 -28.3361
 -9.42111   -11.815  -18.7549  -20.6462  -8.57189  -14.7627  -12.5029  -27.5328  -12.2072  -15.8709   -27.747  -11.2843  -37.2671  -23.9731  -12.3185  -5.19868  -14.7073 -0.803221  -10.4081   -28.528
-42.9581 -33.7517 -45.0576 -34.8155 -35.0558 -37.2342 -29.8782  -25.703 -39.0443  -46.997 -54.5314 -37.7054 -23.9731 -82.2656 -44.4848 -22.5399 -31.9115 -28.7787  -39.984 -46.5335
-20.0829 -21.9005 -20.1331 -28.0673 -26.9105 -25.2151 -6.87987 -19.3175 -24.5182  -29.579 -34.0042 -29.2757 -12.3185 -44.4848 -48.7424 -19.5298 -21.4245 -17.2278 -30.6612 -38.7202
-21.7892 -25.8872 -24.4272 -21.4179 -17.8202   -18.55 -14.7108 -16.2426  -13.533 -33.3328 -19.5766  -6.1848 -5.19868 -22.5399 -19.5298 -33.4713 -12.5092 -15.6983 -26.7592 -19.1701
-26.0164 -9.77769  -20.056 -15.2506 -26.8947 -23.1008 -22.3172 -10.5521 -17.9082 -21.1407 -31.0227 -16.4867 -14.7073 -31.9115 -21.4245 -12.5092 -42.0358 -18.1846  -16.286 -21.2942
 -17.2356   -12.121   -16.823  -14.7913  -24.5562  -25.7166  -27.3526  -3.88531  -11.7593  -27.4117  -20.1325  -18.2999 -0.803221  -28.7787  -17.2278  -15.6983  -18.1846  -35.9506   -16.112  -8.13321
-22.3011 -27.9798 -22.9208 -40.6164 -21.4664 -19.7287 -14.3004 -22.3341 -22.5766 -43.9237 -33.3888 -19.1767 -10.4081  -39.984 -30.6612 -26.7592  -16.286  -16.112 -53.2374 -32.1149
-22.7023 -30.6985 -31.0237 -35.3033 -28.3252 -22.0593 -15.5751 -35.9771 -23.3332 -36.7829 -33.4545 -28.3361  -28.528 -46.5335 -38.7202 -19.1701 -21.2942 -8.13321 -32.1149 -64.7709
   1.06013  -0.219069  -0.905202    2.20838    2.68278 -0.0697178  -0.611406  -0.336672  -0.628899   0.843829         -0         -0         -0         -0         -0         -0         -0         -0         -0         -0
-0.219069   2.21547    2.6808   1.39714   2.07263 -0.606449    1.3632  0.729129  0.647939 -0.202876        -0        -0        -0        -0        -0        -0        -0        -0        -0        -0
 -0.905202     2.6808    2.16338 -0.0981338   0.291764  -0.497589  -0.383239    1.01631   0.720617  0.0121158         -0         -0         -0         -0         -0         -0         -0         -0         -0         -0
   2.20838    1.39714 -0.0981338  -0.567477   0.567074  -0.906335    0.29046   0.955092  -0.126488    1.46059         -0         -0         -0         -0         -0         -0         -0         -0         -0         -0
  2.68278   2.07263  0.291764  0.567074 -0.930792   1.95671   1.79572    2.2962  0.741604   1.08758        -0        -0        -0        -0        -0        -0        -0        -0        -0        -0
-0.0697178  -0.606449  -0.497589  -0.906335    1.95671    1.62058    1.33598    1.08552  -0.322678    2.80784         -0         -0         -0         -0         -0         -0         -0         -0         -0         -0
-0.611406    1.3632 -0.383239   0.29046   1.79572   1.33598  -0.34803 0.0283121   2.49409  -0.20343        -0        -0        -0        -0        -0        -0        -0        -0        -0        -0
-0.336672  0.729129   1.01631  0.955092    2.2962   1.08552 0.0283121   2.54949   2.62421   1.73955        -0        -0        -0        -0        -0        -0        -0        -0        -0        -0
-0.628899  0.647939  0.720617 -0.126488  0.741604 -0.322678   2.49409   2.62421  -0.59147   1.39487        -0        -0        -0        -0        -0        -0        -0        -0        -0        -0
 0.843829 -0.202876 0.0121158   1.46059   1.08758   2.80784  -0.20343   1.73955   1.39487   1.84292        -0        -0        -0        -0        -0        -0        -0        -0        -0        -0
       -0        -0        -0        -0        -0        -0        -0        -0        -0        -0  -1.06013  0.219069  0.905202  -2.20838  -2.68278 0.0697178  0.611406  0.336672  0.628899 -0.843829
       -0        -0        -0        -0        -0        -0        -0        -0        -0        -0  0.219069  -2.21547   -2.6808  -1.39714  -2.07263  0.606449   -1.3632 -0.729129 -0.647939  0.202876
        -0         -0         -0         -0         -0         -0         -0         -0         -0         -0   0.905202    -2.6808   -2.16338  0.0981338  -0.291764   0.497589   0.383239   -1.01631  -0.720617 -0.0121158
       -0        -0        -0        -0        -0        -0        -0        -0        -0        -0  -2.20838  -1.39714 0.0981338  0.567477 -0.567074  0.906335  -0.29046 -0.955092  0.126488  -1.46059
       -0        -0        -0        -0        -0        -0        -0        -0        -0        -0  -2.68278  -2.07263 -0.291764 -0.567074  0.930792  -1.95671  -1.79572   -2.2962 -0.741604  -1.08758
       -0        -0        -0        -0        -0        -0        -0        -0        -0        -0 0.0697178  0.606449  0.497589  0.906335  -1.95671  -1.62058  -1.33598  -1.08552  0.322678  -2.80784
        -0         -0         -0         -0         -0         -0         -0         -0         -0         -0   0.611406    -1.3632   0.383239   -0.29046   -1.79572   -1.33598    0.34803 -0.0283121   -2.49409    0.20343
        -0         -0         -0         -0         -0         -0         -0         -0         -0         -0   0.336672  -0.729129   -1.01631  -0.955092    -2.2962   -1.08552 -0.0283121   -2.54949   -2.62421   -1.73955
       -0        -0        -0        -0        -0        -0        -0        -0        -0        -0  0.628899 -0.647939 -0.720617  0.126488 -0.741604  0.322678  -2.49409  -2.62421   0.59147  -1.39487
        -0         -0         -0         -0         -0         -0         -0         -0         -0         -0  -0.843829   0.202876 -0.0121158   -1.46059   -1.08758   -2.80784    0.20343   -1.73955   -1.39487   -1.84292
  0.683227    2.36867    1.80536   0.460365   0.469927  -0.466994    1.19437    2.53974   0.629158 -0.0832481         -0         -0         -0         -0         -0         -0         -0         -0         -0         -0
  2.36867   2.78884   2.36029  0.482632   2.50196 -0.268609   1.28826   2.46647 -0.518171    2.9914        -0        -0        -0        -0        -0        -0        -0        -0        -0        -0
     1.80536      2.36029      1.97227    0.0783911     0.107237    -0.610428      0.84716 -0.000294946    0.0739824      2.34534           -0           -0           -0           -0           -0           -0           -0           -0           -0           -0
 0.460365  0.482632 0.0783911   1.03241  0.620574   2.50527   2.27276 -0.353026   1.01873   1.76391        -0        -0        -0        -0        -0        -0        -0        -0        -0        -0
 0.469927   2.50196  0.107237  0.620574 -0.408747 -0.451132 -0.679325 0.0870488    2.9871   2.26417        -0        -0        -0        -0        -0        -0        -0        -0        -0        -0
-0.466994 -0.268609 -0.610428   2.50527 -0.451132   1.21045   2.02933  0.590958   0.62285   2.66601        -0        -0        -0        -0        -0        -0        -0        -0        -0        -0
  1.19437   1.28826   0.84716   2.27276 -0.679325   2.02933  0.364448   1.41656 -0.770821   0.79324        -0        -0        -0        -0        -0        -0        -0        -0        -0        -0
     2.53974      2.46647 -0.000294946    -0.353026    0.0870488     0.590958      1.41656    -0.400126    -0.447776    -0.371384           -0           -0           -0           -0           -0           -0           -0           -0           -0           -0
 0.629158 -0.518171 0.0739824   1.01873    2.9871   0.62285 -0.770821 -0.447776  0.797033   0.88735        -0        -0        -0        -0        -0        -0        -0        -0        -0        -0
-0.0832481     2.9914    2.34534    1.76391    2.26417    2.66601    0.79324  -0.371384    0.88735    2.78979         -0         -0         -0         -0         -0         -0         -0         -0         -0         -0
       -0        -0        -0        -0        -0        -0        -0        -0        -0        -0 -0.683227  -2.36867  -1.80536 -0.460365 -0.469927  0.466994  -1.19437  -2.53974 -0.629158 0.0832481
       -0        -0        -0        -0        -0        -0        -0        -0        -0        -0  -2.36867  -2.78884  -2.36029 -0.482632  -2.50196  0.268609  -1.28826  -2.46647  0.518171   -2.9914
         -0          -0          -0          -0          -0          -0          -0          -0          -0          -0    -1.80536    -2.36029    -1.97227  -0.0783911   -0.107237    0.610428    -0.84716 0.000294946  -0.0739824    -2.34534
        -0         -0         -0         -0         -0         -0         -0         -0         -0         -0  -0.460365  -0.482632 -0.0783911   -1.03241  -0.620574   -2.50527   -2.27276   0.353026   -1.01873   -1.76391
        -0         -0         -0         -0         -0         -0         -0         -0         -0         -0  -0.469927   -2.50196  -0.107237  -0.620574   0.408747   0.451132   0.679325 -0.0870488    -2.9871   -2.26417
       -0        -0        -0        -0        -0        -0        -0        -0        -0        -0  0.466994  0.268609  0.610428  -2.50527  0.451132  -1.21045  -2.02933 -0.590958  -0.62285  -2.66601
       -0        -0        -0        -0        -0        -0        -0        -0        -0        -0  -1.19437  -1.28826  -0.84716  -2.27276  0.679325  -2.02933 -0.364448  -1.41656  0.770821  -0.79324
         -0          -0          -0          -0          -0          -0          -0          -0          -0          -0    -2.53974    -2.46647 0.000294946    0.353026  -0.0870488   -0.590958    -1.41656    0.400126    0.447776    0.371384
        -0         -0         -0         -0         -0         -0         -0         -0         -0         -0  -0.629158   0.518171 -0.0739824   -1.01873    -2.9871   -0.62285   0.770821   0.447776  -0.797033   -0.88735
       -0        -0        -0        -0        -0        -0        -0        -0        -0        -0 0.0832481   -2.9914  -2.34534  -1.76391  -2.26417  -2.66601  -0.79324  0.371384  -0.88735  -2.78979
  1.12636 -0.166788  0.877328   1.95069   2.84655   1.36533   1.24182   1.14965  0.245478  0.430713        -0        -0        -0        -0        -0        -0        -0        -0        -0        -0
-0.166788   1.57234   1.60375   2.33762   2.60101  0.354443  0.898986   1.30628 -0.997287   2.98858        -0        -0        -0        -0        -0        -0        -0        -0        -0        -0
 0.877328   1.60375  0.318483 -0.796882   1.06579   1.41974  -0.18465   2.09093   2.70386 -0.700106        -0        -0        -0        -0        -0        -0        -0        -0        -0        -0
    1.95069     2.33762   -0.796882     1.20695 -0.00578233     2.68381     1.44494   -0.784563     2.66521     1.24606          -0          -0          -0          -0          -0          -0          -0          -0          -0          -0
    2.84655     2.60101     1.06579 -0.00578233    0.508206     1.57711   -0.894062      2.3005     2.68652     1.43352          -0          -0          -0          -0          -0          -0          -0          -0          -0          -0
  1.36533  0.354443   1.41974   2.68381   1.57711    2.7874   2.27903 -0.400866   1.28097 -0.594168        -0        -0        -0        -0        -0        -0        -0        -0        -0        -0
  1.24182  0.898986  -0.18465   1.44494 -0.894062   2.27903 -0.277883    1.8723   2.45261  0.525096        -0        -0        -0        -0        -0        -0        -0        -0        -0        -0
  1.14965   1.30628   2.09093 -0.784563    2.3005 -0.400866    1.8723  0.429491   2.95299   2.15563        -0        -0        -0        -0        -0        -0        -0        -0        -0        -0
 0.245478 -0.997287   2.70386   2.66521   2.68652   1.28097   2.45261   2.95299  0.746758   2.06203        -0        -0        -0        -0        -0        -0        -0        -0        -0        -0
 0.430713   2.98858 -0.700106   1.24606   1.43352 -0.594168  0.525096   2.15563   2.06203   2.98483        -0        -0        -0        -0        -0        -0        -0        -0        -0        -0
       -0        -0        -0        -0        -0        -0        -0        -0        -0        -0  -1.12636  0.166788 -0.877328  -1.95069  -2.84655  -1.36533  -1.24182  -1.14965 -0.245478 -0.430713
       -0        -0        -0        -0        -0        -0        -0        -0        -0        -0  0.166788  -1.57234  -1.60375  -2.33762  -2.60101 -0.354443 -0.898986  -1.30628  0.997287  -2.98858
       -0        -0        -0        -0        -0        -0        -0        -0        -0        -0 -0.877328  -1.60375 -0.318483  0.796882  -1.06579  -1.41974   0.18465  -2.09093  -2.70386  0.700106
        -0         -0         -0         -0         -0         -0         -0         -0         -0         -0   -1.95069   -2.33762   0.796882   -1.20695 0.00578233   -2.68381   -1.44494   0.784563   -2.66521   -1.24606
        -0         -0         -0         -0         -0         -0         -0         -0         -0         -0   -2.84655   -2.60101   -1.06579 0.00578233  -0.508206   -1.57711   0.894062    -2.3005   -2.68652   -1.43352
       -0        -0        -0        -0        -0        -0        -0        -0        -0        -0  -1.36533 -0.354443  -1.41974  -2.68381  -1.57711   -2.7874  -2.27903  0.400866  -1.28097  0.594168
       -0        -0        -0        -0        -0        -0        -0        -0        -0        -0  -1.24182 -0.898986   0.18465  -1.44494  0.894062  -2.27903  0.277883   -1.8723  -2.45261 -0.525096
       -0        -0        -0        -0        -0        -0        -0        -0        -0        -0  -1.14965  -1.30628  -2.09093  0.784563   -2.3005  0.400866   -1.8723 -0.429491  -2.95299  -2.15563
       -0        -0        -0        -0        -0        -0        -0        -0        -0        -0 -0.245478  0.997287  -2.70386  -2.66521  -2.68652  -1.28097  -2.45261  -2.95299 -0.746758  -2.06203
       -0        -0        -0        -0        -0        -0        -0        -0        -0        -0 -0.430713  -2.98858  0.700106  -1.24606  -1.43352  0.594168 -0.525096  -2.15563  -2.06203  -2.98483
  1.64555   1.64883  0.785319 -0.198075   1.64878  -0.49312   2.20322   2.34236   1.71814 -0.891798        -0        -0        -0        -0        -0        -0        -0        -0        -0        -0
  1.64883 -0.733412 0.0459327    1.6037   2.14012 0.0738884   2.85889   2.90497  0.917419   2.59381        -0        -0        -0        -0        -0        -0        -0        -0        -0        -0
 0.785319 0.0459327   1.36899   1.76476   2.97236   1.94788   1.24022  0.791264   2.58133   1.82176        -0        -0        -0        -0        -0        -0        -0        -0        -0        -0
-0.198075    1.6037   1.76476   2.09304   1.62449   1.87587  0.967981   2.31472  0.666021   1.34842        -0        -0        -0        -0        -0        -0        -0        -0        -0        -0
  1.64878   2.14012   2.97236   1.62449  0.492809    2.1591   1.95193   1.52946 -0.206708  0.561788        -0        -0        -0        -0        -0        -0        -0        -0        -0        -0
 -0.49312 0.0738884   1.94788   1.87587    2.1591   1.23988    1.5804   2.28407   1.74043  0.773693        -0        -0        -0        -0        -0        -0        -0        -0        -0        -0
   2.20322    2.85889    1.24022   0.967981    1.95193     1.5804    1.15985    2.21888     2.9059 -0.0711798         -0         -0         -0         -0         -0         -0         -0         -0         -0         -0
  2.34236   2.90497  0.791264   2.31472   1.52946   2.28407   2.21888  -0.18381 -0.528325   2.72164        -0        -0        -0        -0        -0        -0        -0        -0        -0        -0
  1.71814  0.917419   2.58133  0.666021 -0.206708   1.74043    2.9059 -0.528325 -0.609418  0.410286        -0        -0        -0        -0        -0        -0        -0        -0        -0        -0
 -0.891798    2.59381    1.82176    1.34842   0.561788   0.773693 -0.0711798    2.72164   0.410286      1.185         -0         -0         -0         -0         -0         -0         -0         -0         -0         -0
       -0        -0        -0        -0        -0        -0        -0        -0        -0        -0  -1.64555  -1.64883 -0.785319  0.198075  -1.64878   0.49312  -2.20322  -2.34236  -1.71814  0.891798
        -0         -0         -0         -0         -0         -0         -0         -0         -0         -0   -1.64883   0.733412 -0.0459327    -1.6037   -2.14012 -0.0738884   -2.85889   -2.90497  -0.917419   -2.59381
        -0         -0         -0         -0         -0         -0         -0         -0         -0         -0  -0.785319 -0.0459327   -1.36899   -1.76476   -2.97236   -1.94788   -1.24022  -0.791264   -2.58133   -1.82176
       -0        -0        -0        -0        -0        -0        -0        -0        -0        -0  0.198075   -1.6037  -1.76476  -2.09304  -1.62449  -1.87587 -0.967981  -2.31472 -0.666021  -1.34842
       -0        -0        -0        -0        -0        -0        -0        -0        -0        -0  -1.64878  -2.14012  -2.97236  -1.62449 -0.492809   -2.1591  -1.95193  -1.52946  0.206708 -0.561788
        -0         -0         -0         -0         -0         -0         -0         -0         -0         -0    0.49312 -0.0738884   -1.94788   -1.87587    -2.1591   -1.23988    -1.5804   -2.28407   -1.74043  -0.773693
       -0        -0        -0        -0        -0        -0        -0        -0        -0        -0  -2.20322  -2.85889  -1.24022 -0.967981  -1.95193   -1.5804  -1.15985  -2.21888   -2.9059 0.0711798
       -0        -0        -0        -0        -0        -0        -0        -0        -0        -0  -2.34236  -2.90497 -0.791264  -2.31472  -1.52946  -2.28407  -2.21888   0.18381  0.528325  -2.72164
       -0        -0        -0        -0        -0        -0        -0        -0        -0        -0  -1.71814 -0.917419  -2.58133 -0.666021  0.206708  -1.74043   -2.9059  0.528325  0.609418 -0.410286
       -0        -0        -0        -0        -0        -0        -0        -0        -0        -0  0.891798  -2.59381  -1.82176  -1.34842 -0.561788 -0.773693 0.0711798  -2.72164 -0.410286    -1.185
  1.37278  0.793686 -0.311455  0.611497 -0.773115   1.59074  0.632871 -0.922819  0.195432   2.41181        -0        -0        -0        -0        -0        -0        -0        -0        -0        -0
  0.793686  -0.846239  -0.850751    2.75606  -0.405775    1.14429    1.29829 0.00674961    1.63354    2.54362         -0         -0         -0         -0         -0         -0         -0         -0         -0         -0
-0.311455 -0.850751 -0.900157   2.44693  0.910282   1.76263  0.491536   2.98886  0.317562 -0.796539        -0        -0        -0        -0        -0        -0        -0        -0        -0        -0
  0.611497    2.75606    2.44693    2.70147    2.00296    1.69058  0.0798022   0.987463    2.95806 -0.0966543         -0         -0         -0         -0         -0         -0         -0         -0         -0         -0
-0.773115 -0.405775  0.910282   2.00296  0.969245  0.654593  0.999761 -0.990286   0.32412 -0.376583        -0        -0        -0        -0        -0        -0        -0        -0        -0        -0
 1.59074  1.14429  1.76263  1.69058 0.654593 0.260305  0.41164 0.958108  1.97215  1.20322       -0       -0       -0       -0       -0       -0       -0       -0       -0       -0
 0.632871   1.29829  0.491536 0.0798022  0.999761   0.41164 -0.405901  0.717528  0.218368   1.31499        -0        -0        -0        -0        -0        -0        -0        -0        -0        -0
 -0.922819 0.00674961    2.98886   0.987463  -0.990286   0.958108   0.717528    1.58205   0.676329   0.217517         -0         -0         -0         -0         -0         -0         -0         -0         -0         -0
 0.195432   1.63354  0.317562   2.95806   0.32412   1.97215  0.218368  0.676329  0.910744 -0.476118        -0        -0        -0        -0        -0        -0        -0        -0        -0        -0
   2.41181    2.54362  -0.796539 -0.0966543  -0.376583    1.20322    1.31499   0.217517  -0.476118    2.09485         -0         -0         -0         -0         -0         -0         -0         -0         -0         -0
       -0        -0        -0        -0        -0        -0        -0        -0        -0        -0  -1.37278 -0.793686  0.311455 -0.611497  0.773115  -1.59074 -0.632871  0.922819 -0.195432  -2.41181
         -0          -0          -0          -0          -0          -0          -0          -0          -0          -0   -0.793686    0.846239    0.850751    -2.75606    0.405775    -1.14429    -1.29829 -0.00674961    -1.63354    -2.54362
       -0        -0        -0        -0        -0        -0        -0        -0        -0        -0  0.311455  0.850751  0.900157  -2.44693 -0.910282  -1.76263 -0.491536  -2.98886 -0.317562  0.796539
        -0         -0         -0         -0         -0         -0         -0         -0         -0         -0  -0.611497   -2.75606   -2.44693   -2.70147   -2.00296   -1.69058 -0.0798022  -0.987463   -2.95806  0.0966543
       -0        -0        -0        -0        -0        -0        -0        -0        -0        -0  0.773115  0.405775 -0.910282  -2.00296 -0.969245 -0.654593 -0.999761  0.990286  -0.32412  0.376583
       -0        -0        -0        -0        -0        -0        -0        -0        -0        -0  -1.59074  -1.14429  -1.76263  -1.69058 -0.654593 -0.260305  -0.41164 -0.958108  -1.97215  -1.20322
        -0         -0         -0         -0         -0         -0         -0         -0         -0         -0  -0.632871   -1.29829  -0.491536 -0.0798022  -0.999761   -0.41164   0.405901  -0.717528  -0.218368   -1.31499
         -0          -0          -0          -0          -0          -0          -0          -0          -0          -0    0.922819 -0.00674961    -2.98886   -0.987463    0.990286   -0.958108   -0.717528    -1.58205   -0.676329   -0.217517
       -0        -0        -0        -0        -0        -0        -0        -0        -0        -0 -0.195432  -1.63354 -0.317562  -2.95806  -0.32412  -1.97215 -0.218368 -0.676329 -0.910744  0.476118
       -0        -0        -0        -0        -0        -0        -0        -0        -0        -0  -2.41181  -2.54362  0.796539 0.0966543  0.376583  -1.20322  -1.31499 -0.217517  0.476118  -2.09485
-0.387845   2.47933   1.97039  0.960916  0.438572   2.12165   2.09036    2.5989   1.86268   1.98494        -0        -0        -0        -0        -0        -0        -0        -0        -0        -0
  2.47933    2.8888   2.64773   2.67649 -0.124069 -0.361532   1.49536  0.485423    2.1918   2.35636        -0        -0        -0        -0        -0        -0        -0        -0        -0        -0
   1.97039    2.64773   0.223403    1.50202  -0.244011     0.1173 -0.0672969  -0.044537    2.26428  -0.321835         -0         -0         -0         -0         -0         -0         -0         -0         -0         -0
 0.960916   2.67649   1.50202   1.06252   1.67405 -0.654946  0.592379 -0.645111   2.97998   2.91764        -0        -0        -0        -0        -0        -0        -0        -0        -0        -0
  0.438572  -0.124069  -0.244011    1.67405    0.67282    2.81232  -0.442124  -0.840529    2.53685 -0.0512633         -0         -0         -0         -0         -0         -0         -0         -0         -0         -0
  2.12165 -0.361532    0.1173 -0.654946   2.81232  0.668379  0.210214   1.62828    2.0766  0.236041        -0        -0        -0        -0        -0        -0        -0        -0        -0        -0
   2.09036    1.49536 -0.0672969   0.592379  -0.442124   0.210214    1.68293 -0.0422629    0.64836   0.127855         -0         -0         -0         -0         -0         -0         -0         -0         -0         -0
    2.5989   0.485423  -0.044537  -0.645111  -0.840529    1.62828 -0.0422629   0.393113   0.728727    2.63166         -0         -0         -0         -0         -0         -0         -0         -0         -0         -0
  1.86268    2.1918   2.26428   2.97998   2.53685    2.0766   0.64836  0.728727 -0.733999   2.96775        -0        -0        -0        -0        -0        -0        -0        -0        -0        -0
   1.98494    2.35636  -0.321835    2.91764 -0.0512633   0.236041   0.127855    2.63166    2.96775   0.174707         -0         -0         -0         -0         -0         -0         -0         -0         -0         -0
       -0        -0        -0        -0        -0        -0        -0        -0        -0        -0  0.387845  -2.47933  -1.97039 -0.960916 -0.438572  -2.12165  -2.09036   -2.5989  -1.86268  -1.98494
       -0        -0        -0        -0        -0        -0        -0        -0        -0        -0  -2.47933   -2.8888  -2.64773  -2.67649  0.124069  0.361532  -1.49536 -0.485423   -2.1918  -2.35636
       -0        -0        -0        -0        -0        -0        -0        -0        -0        -0  -1.97039  -2.64773 -0.223403  -1.50202  0.244011   -0.1173 0.0672969  0.044537  -2.26428  0.321835
       -0        -0        -0        -0        -0        -0        -0        -0        -0        -0 -0.960916  -2.67649  -1.50202  -1.06252  -1.67405  0.654946 -0.592379  0.645111  -2.97998  -2.91764
       -0        -0        -0        -0        -0        -0        -0        -0        -0        -0 -0.438572  0.124069  0.244011  -1.67405  -0.67282  -2.81232  0.442124  0.840529  -2.53685 0.0512633
       -0        -0        -0        -0        -0        -0        -0        -0        -0        -0  -2.12165  0.361532   -0.1173  0.654946  -2.81232 -0.668379 -0.210214  -1.62828   -2.0766 -0.236041
       -0        -0        -0        -0        -0        -0        -0        -0        -0        -0  -2.09036  -1.49536 0.0672969 -0.592379  0.442124 -0.210214  -1.68293 0.0422629  -0.64836 -0.127855
       -0        -0        -0        -0        -0        -0        -0        -0        -0        -0   -2.5989 -0.485423  0.044537  0.645111  0.840529  -1.62828 0.0422629 -0.393113 -0.728727  -2.63166
       -0        -0        -0        -0        -0        -0        -0        -0        -0        -0  -1.86268   -2.1918  -2.26428  -2.97998  -2.53685   -2.0766  -0.64836 -0.728727  0.733999  -2.96775
       -0        -0        -0        -0        -0        -0        -0        -0        -0        -0  -1.98494  -2.35636  0.321835  -2.91764 0.0512633 -0.236041 -0.127855  -2.63166  -2.96775 -0.174707
   2.7112   2.50509   1.88654 0.0276091 0.0866159   2.36834  0.575038 -0.112187   2.23757  0.371774        -0        -0        -0        -0        -0        -0        -0        -0        -0        -0
  2.50509   2.07539   1.80741  0.759924 -0.358967 -0.558902   2.97268 -0.702897   2.97893   2.91713        -0        -0        -0        -0        -0        -0        -0        -0        -0        -0
  1.88654   1.80741  0.468327 -0.664861  0.795449 -0.632879   2.06238   2.94383  0.529741  0.614605        -0        -0        -0        -0        -0        -0        -0        -0        -0        -0
0.0276091  0.759924 -0.664861   2.68774    2.6435 -0.163338  0.910177   1.68326   2.60469 -0.565849        -0        -0        -0        -0        -0        -0        -0        -0        -0        -0
0.0866159 -0.358967  0.795449    2.6435    2.4104 -0.994198   2.66042   2.94061 -0.184404  0.827305        -0        -0        -0        -0        -0        -0        -0        -0        -0        -0
  2.36834 -0.558902 -0.632879 -0.163338 -0.994198   2.09217  0.488961   2.35423  0.535543  0.275024        -0        -0        -0        -0        -0        -0        -0        -0        -0        -0
0.575038  2.97268  2.06238 0.910177  2.66042 0.488961  1.16685  2.53408  1.69686 0.923112       -0       -0       -0       -0       -0       -0       -0       -0       -0       -0
-0.112187 -0.702897   2.94383   1.68326   2.94061   2.35423   2.53408  0.677853 -0.930679   2.99416        -0        -0        -0        -0        -0        -0        -0        -0        -0        -0
  2.23757   2.97893  0.529741   2.60469 -0.184404  0.535543   1.69686 -0.930679   1.34209   2.44278        -0        -0        -0        -0        -0        -0        -0        -0        -0        -0
 0.371774   2.91713  0.614605 -0.565849  0.827305  0.275024  0.923112   2.99416   2.44278  0.133599        -0        -0        -0        -0        -0        -0        -0        -0        -0        -0
        -0         -0         -0         -0         -0         -0         -0         -0         -0         -0    -2.7112   -2.50509   -1.88654 -0.0276091 -0.0866159   -2.36834  -0.575038   0.112187   -2.23757  -0.371774
       -0        -0        -0        -0        -0        -0        -0        -0        -0        -0  -2.50509  -2.07539  -1.80741 -0.759924  0.358967  0.558902  -2.97268  0.702897  -2.97893  -2.91713
       -0        -0        -0        -0        -0        -0        -0        -0        -0        -0  -1.88654  -1.80741 -0.468327  0.664861 -0.795449  0.632879  -2.06238  -2.94383 -0.529741 -0.614605
        -0         -0         -0         -0         -0         -0         -0         -0         -0         -0 -0.0276091  -0.759924   0.664861   -2.68774    -2.6435   0.163338  -0.910177   -1.68326   -2.60469   0.565849
        -0         -0         -0         -0         -0         -0         -0         -0         -0         -0 -0.0866159   0.358967  -0.795449    -2.6435    -2.4104   0.994198   -2.66042   -2.94061   0.184404  -0.827305
       -0        -0        -0        -0        -0        -0        -0        -0        -0        -0  -2.36834  0.558902  0.632879  0.163338  0.994198  -2.09217 -0.488961  -2.35423 -0.535543 -0.275024
       -0        -0        -0        -0        -0        -0        -0        -0        -0        -0 -0.575038  -2.97268  -2.06238 -0.910177  -2.66042 -0.488961  -1.16685  -2.53408  -1.69686 -0.923112
       -0        -0        -0        -0        -0        -0        -0        -0        -0        -0  0.112187  0.702897  -2.94383  -1.68326  -2.94061  -2.35423  -2.53408 -0.677853  0.930679  -2.99416
       -0        -0        -0        -0        -0        -0        -0        -0        -0        -0  -2.23757  -2.97893 -0.529741  -2.60469  0.184404 -0.535543  -1.69686  0.930679  -1.34209  -2.44278
       -0        -0        -0        -0        -0        -0        -0        -0        -0        -0 -0.371774  -2.91713 -0.614605  0.565849 -0.827305 -0.275024 -0.923112  -2.99416  -2.44278 -0.133599
   2.29696    2.63658     1.2302 -0.0678935    2.12094    2.00374    2.30714    2.30257    1.95808   0.129213         -0         -0         -0         -0         -0         -0         -0         -0         -0         -0
  2.63658   1.28673  0.441245   1.07951   1.09159  0.779896   1.42237   2.97182 -0.124581 -0.660033        -0        -0        -0        -0        -0        -0        -0        -0        -0        -0
    1.2302   0.441245 -0.0389148  -0.106795  0.0700073    2.81636    2.61527  -0.346008    -0.3364  -0.621165         -0         -0         -0         -0         -0         -0         -0         -0         -0         -0
-0.0678935    1.07951  -0.106795    1.36281    1.30549    2.96482  -0.799657  -0.627418    1.77444  -0.255522         -0         -0         -0         -0         -0         -0         -0         -0         -0         -0
  2.12094   1.09159 0.0700073   1.30549   2.25791    0.6247  -0.21482   1.27731 -0.159759  -0.45969        -0        -0        -0        -0        -0        -0        -0        -0        -0        -0
   2.00374   0.779896    2.81636    2.96482     0.6247   0.691758 -0.0644387     2.9119     1.2883   0.164015         -0         -0         -0         -0         -0         -0         -0         -0         -0         -0
   2.30714    1.42237    2.61527  -0.799657   -0.21482 -0.0644387  -0.892596    2.33401  -0.533803    0.68004         -0         -0         -0         -0         -0         -0         -0         -0         -0         -0
  2.30257   2.97182 -0.346008 -0.627418   1.27731    2.9119   2.33401  -0.41704   2.59345 -0.352287        -0        -0        -0        -0        -0        -0        -0        -0        -0        -0
  1.95808 -0.124581   -0.3364   1.77444 -0.159759    1.2883 -0.533803   2.59345 0.0328289  0.683311        -0        -0        -0        -0        -0        -0        -0        -0        -0        -0
 0.129213 -0.660033 -0.621165 -0.255522  -0.45969  0.164015   0.68004 -0.352287  0.683311   1.53092        -0        -0        -0        -0        -0        -0        -0        -0        -0        -0
       -0        -0        -0        -0        -0        -0        -0        -0        -0        -0  -2.29696  -2.63658   -1.2302 0.0678935  -2.12094  -2.00374  -2.30714  -2.30257  -1.95808 -0.129213
       -0        -0        -0        -0        -0        -0        -0        -0        -0        -0  -2.63658  -1.28673 -0.441245  -1.07951  -1.09159 -0.779896  -1.42237  -2.97182  0.124581  0.660033
        -0         -0         -0         -0         -0         -0         -0         -0         -0         -0    -1.2302  -0.441245  0.0389148   0.106795 -0.0700073   -2.81636   -2.61527   0.346008     0.3364   0.621165
       -0        -0        -0        -0        -0        -0        -0        -0        -0        -0 0.0678935  -1.07951  0.106795  -1.36281  -1.30549  -2.96482  0.799657  0.627418  -1.77444  0.255522
        -0         -0         -0         -0         -0         -0         -0         -0         -0         -0   -2.12094   -1.09159 -0.0700073   -1.30549   -2.25791    -0.6247    0.21482   -1.27731   0.159759    0.45969
       -0        -0        -0        -0        -0        -0        -0        -0        -0        -0  -2.00374 -0.779896  -2.81636  -2.96482   -0.6247 -0.691758 0.0644387   -2.9119   -1.2883 -0.164015
       -0        -0        -0        -0        -0        -0        -0        -0        -0        -0  -2.30714  -1.42237  -2.61527  0.799657   0.21482 0.0644387  0.892596  -2.33401  0.533803  -0.68004
      -0       -0       -0       -0       -0       -0       -0       -0       -0       -0 -2.30257 -2.97182 0.346008 0.627418 -1.27731  -2.9119 -2.33401  0.41704 -2.59345 0.352287
        -0         -0         -0         -0         -0         -0         -0         -0         -0         -0   -1.95808   0.124581     0.3364   -1.77444   0.159759    -1.2883   0.533803   -2.59345 -0.0328289  -0.683311
       -0        -0        -0        -0        -0        -0        -0        -0        -0        -0 -0.129213  0.660033  0.621165  0.255522   0.45969 -0.164015  -0.68004  0.352287 -0.683311  -1.53092
  2.21012   2.57618   0.51819 0.0414603   0.58684  0.686123   2.88623 -0.545628    2.1186  0.984441        -0        -0        -0        -0        -0        -0        -0        -0        -0        -0
  2.57618 -0.678908 -0.913977 -0.700983   2.35736   1.18381   1.89865  0.105211   2.25218   0.52499        -0        -0        -0        -0        -0        -0        -0        -0        -0        -0
  0.51819 -0.913977   2.90088  0.730237   1.00836   1.51615    2.4161    2.8437   1.41606  0.737229        -0        -0        -0        -0        -0        -0        -0        -0        -0        -0
0.0414603 -0.700983  0.730237    2.5442 -0.890044  0.586998  0.616463   1.46273  0.634749   0.40054        -0        -0        -0        -0        -0        -0        -0        -0        -0        -0
  0.58684   2.35736   1.00836 -0.890044   2.59714 -0.919165   1.44285  0.215167 -0.160823   2.14145        -0        -0        -0        -0        -0        -0        -0        -0        -0        -0
 0.686123   1.18381   1.51615  0.586998 -0.919165   2.34665   2.57923   2.44084   1.49689 -0.819923        -0        -0        -0        -0        -0        -0        -0        -0        -0        -0
   2.88623    1.89865     2.4161   0.616463    1.44285    2.57923  -0.294832    2.56663 -0.0186048 -0.0202328         -0         -0         -0         -0         -0         -0         -0         -0         -0         -0
-0.545628  0.105211    2.8437   1.46273  0.215167   2.44084   2.56663  -0.31152   1.86736   2.84662        -0        -0        -0        -0        -0        -0        -0        -0        -0        -0
    2.1186    2.25218    1.41606   0.634749  -0.160823    1.49689 -0.0186048    1.86736   0.638765    1.94718         -0         -0         -0         -0         -0         -0         -0         -0         -0         -0
  0.984441    0.52499   0.737229    0.40054    2.14145  -0.819923 -0.0202328    2.84662    1.94718  -0.501862         -0         -0         -0         -0         -0         -0         -0         -0         -0         -0
        -0         -0         -0         -0         -0         -0         -0         -0         -0         -0   -2.21012   -2.57618   -0.51819 -0.0414603   -0.58684  -0.686123   -2.88623   0.545628    -2.1186  -0.984441
       -0        -0        -0        -0        -0        -0        -0        -0        -0        -0  -2.57618  0.678908  0.913977  0.700983  -2.35736  -1.18381  -1.89865 -0.105211  -2.25218  -0.52499
       -0        -0        -0        -0        -0        -0        -0        -0        -0        -0  -0.51819  0.913977  -2.90088 -0.730237  -1.00836  -1.51615   -2.4161   -2.8437  -1.41606 -0.737229
        -0         -0         -0         -0         -0         -0         -0         -0         -0         -0 -0.0414603   0.700983  -0.730237    -2.5442   0.890044  -0.586998  -0.616463   -1.46273  -0.634749   -0.40054
       -0        -0        -0        -0        -0        -0        -0        -0        -0        -0  -0.58684  -2.35736  -1.00836  0.890044  -2.59714  0.919165  -1.44285 -0.215167  0.160823  -2.14145
       -0        -0        -0        -0        -0        -0        -0        -0        -0        -0 -0.686123  -1.18381  -1.51615 -0.586998  0.919165  -2.34665  -2.57923  -2.44084  -1.49689  0.819923
       -0        -0        -0        -0        -0        -0        -0        -0        -0        -0  -2.88623  -1.89865   -2.4161 -0.616463  -1.44285  -2.57923  0.294832  -2.56663 0.0186048 0.0202328
       -0        -0        -0        -0        -0        -0        -0        -0        -0        -0  0.545628 -0.105211   -2.8437  -1.46273 -0.215167  -2.44084  -2.56663   0.31152  -1.86736  -2.84662
       -0        -0        -0        -0        -0        -0        -0        -0        -0        -0   -2.1186  -2.25218  -1.41606 -0.634749  0.160823  -1.49689 0.0186048  -1.86736 -0.638765  -1.94718
       -0        -0        -0        -0        -0        -0        -0        -0        -0        -0 -0.984441  -0.52499 -0.737229  -0.40054  -2.14145  0.819923 0.0202328  -2.84662  -1.94718  0.501862
 -0.667032   0.663155  -0.919675 0.00517188    1.03865  -0.825114   0.902046  -0.972598    1.83153    2.15891         -0         -0         -0         -0         -0         -0         -0         -0         -0         -0
 0.663155    1.6256   1.12673 0.0608982  0.304709  0.142049   2.05781 -0.283813   1.92414   2.42967        -0        -0        -0        -0        -0        -0        -0        -0        -0        -0
-0.919675   1.12673  0.739856 -0.653639   2.55963   1.01834 -0.415122  0.405314  0.610787   2.50593        -0        -0        -0        -0        -0        -0        -0        -0        -0        -0
0.00517188  0.0608982  -0.653639    1.60852     1.4744   0.914741    1.24841    2.58703  -0.150133    2.74379         -0         -0         -0         -0         -0         -0         -0         -0         -0         -0
  1.03865  0.304709   2.55963    1.4744   0.38392    1.9596  0.666333   2.19059 -0.161119   0.67808        -0        -0        -0        -0        -0        -0        -0        -0        -0        -0
-0.825114  0.142049   1.01834  0.914741    1.9596  0.545606  0.822449   1.78923 -0.429609  0.172259        -0        -0        -0        -0        -0        -0        -0        -0        -0        -0
 0.902046   2.05781 -0.415122   1.24841  0.666333  0.822449 -0.540949   2.40701   1.39547  0.566237        -0        -0        -0        -0        -0        -0        -0        -0        -0        -0
-0.972598 -0.283813  0.405314   2.58703   2.19059   1.78923   2.40701   1.93992   2.63493   1.13713        -0        -0        -0        -0        -0        -0        -0        -0        -0        -0
  1.83153   1.92414  0.610787 -0.150133 -0.161119 -0.429609   1.39547   2.63493  0.527627 -0.734372        -0        -0        -0        -0        -0        -0        -0        -0        -0        -0
  2.15891   2.42967   2.50593   2.74379   0.67808  0.172259  0.566237   1.13713 -0.734372 -0.756229        -0        -0        -0        -0        -0        -0        -0        -0        -0        -0
         -0          -0          -0          -0          -0          -0          -0          -0          -0          -0    0.667032   -0.663155    0.919675 -0.00517188    -1.03865    0.825114   -0.902046    0.972598    -1.83153    -2.15891
        -0         -0         -0         -0         -0         -0         -0         -0         -0         -0  -0.663155    -1.6256   -1.12673 -0.0608982  -0.304709  -0.142049   -2.05781   0.283813   -1.92414   -2.42967
       -0        -0        -0        -0        -0        -0        -0        -0        -0        -0  0.919675  -1.12673 -0.739856  0.653639  -2.55963  -1.01834  0.415122 -0.405314 -0.610787  -2.50593
         -0          -0          -0          -0          -0          -0          -0          -0          -0          -0 -0.00517188  -0.0608982    0.653639    -1.60852     -1.4744   -0.914741    -1.24841    -2.58703    0.150133    -2.74379
       -0        -0        -0        -0        -0        -0        -0        -0        -0        -0  -1.03865 -0.304709  -2.55963   -1.4744  -0.38392   -1.9596 -0.666333  -2.19059  0.161119  -0.67808
       -0        -0        -0        -0        -0        -0        -0        -0        -0        -0  0.825114 -0.142049  -1.01834 -0.914741   -1.9596 -0.545606 -0.822449  -1.78923  0.429609 -0.172259
       -0        -0        -0        -0        -0        -0        -0        -0        -0        -0 -0.902046  -2.05781  0.415122  -1.24841 -0.666333 -0.822449  0.540949  -2.40701  -1.39547 -0.566237
       -0        -0        -0        -0        -0        -0        -0        -0        -0        -0  0.972598  0.283813 -0.405314  -2.58703  -2.19059  -1.78923  -2.40701  -1.93992  -2.63493  -1.13713
       -0        -0        -0        -0        -0        -0        -0        -0        -0        -0  -1.83153  -1.92414 -0.610787  0.150133  0.161119  0.429609  -1.39547  -2.63493 -0.527627  0.734372
       -0        -0        -0        -0        -0        -0        -0        -0        -0        -0  -2.15891  -2.42967  -2.50593  -2.74379  -0.67808 -0.172259 -0.566237  -1.13713  0.734372  0.756229
  1.23774   2.75582  0.615443  0.292196 -0.795886 -0.456533   1.94403  0.543061   1.88185   2.25504        -0        -0        -0        -0        -0        -0        -0        -0        -0        -0
   2.75582   0.921989     2.7384 -0.0527582   0.775245 -0.0302229    2.39505    2.48387  0.0874942  -0.110727         -0         -0         -0         -0         -0         -0         -0         -0         -0         -0
 0.615443    2.7384    1.8943   1.85228   2.41515   0.57224   2.66689 -0.676667   2.46933   2.00642        -0        -0        -0        -0        -0        -0        -0        -0        -0        -0
  0.292196 -0.0527582    1.85228    1.25215  -0.690208    2.43776   0.796312 -0.0417899  -0.545909    1.92193         -0         -0         -0         -0         -0         -0         -0         -0         -0         -0
-0.795886  0.775245   2.41515 -0.690208   2.14185   1.09115  0.647201   2.79366 -0.474743   1.68558        -0        -0        -0        -0        -0        -0        -0        -0        -0        -0
 -0.456533 -0.0302229    0.57224    2.43776    1.09115  0.0544276  -0.742822    2.46518   0.560473  -0.346379         -0         -0         -0         -0         -0         -0         -0         -0         -0         -0
  1.94403   2.39505   2.66689  0.796312  0.647201 -0.742822 -0.471339   2.14522  0.508519    2.1791        -0        -0        -0        -0        -0        -0        -0        -0        -0        -0
  0.543061    2.48387  -0.676667 -0.0417899    2.79366    2.46518    2.14522  0.0480114  -0.464605    2.21425         -0         -0         -0         -0         -0         -0         -0         -0         -0         -0
  1.88185 0.0874942   2.46933 -0.545909 -0.474743  0.560473  0.508519 -0.464605  0.945245 -0.296479        -0        -0        -0        -0        -0        -0        -0        -0        -0        -0
  2.25504 -0.110727   2.00642   1.92193   1.68558 -0.346379    2.1791   2.21425 -0.296479   1.45886        -0        -0        -0        -0        -0        -0        -0        -0        -0        -0
       -0        -0        -0        -0        -0        -0        -0        -0        -0        -0  -1.23774  -2.75582 -0.615443 -0.292196  0.795886  0.456533  -1.94403 -0.543061  -1.88185  -2.25504
        -0         -0         -0         -0         -0         -0         -0         -0         -0         -0   -2.75582  -0.921989    -2.7384  0.0527582  -0.775245  0.0302229   -2.39505   -2.48387 -0.0874942   0.110727
       -0        -0        -0        -0        -0        -0        -0        -0        -0        -0 -0.615443   -2.7384   -1.8943  -1.85228  -2.41515  -0.57224  -2.66689  0.676667  -2.46933  -2.00642
       -0        -0        -0        -0        -0        -0        -0        -0        -0        -0 -0.292196 0.0527582  -1.85228  -1.25215  0.690208  -2.43776 -0.796312 0.0417899  0.545909  -1.92193
       -0        -0        -0        -0        -0        -0        -0        -0        -0        -0  0.795886 -0.775245  -2.41515  0.690208  -2.14185  -1.09115 -0.647201  -2.79366  0.474743  -1.68558
        -0         -0         -0         -0         -0         -0         -0         -0         -0         -0   0.456533  0.0302229   -0.57224   -2.43776   -1.09115 -0.0544276   0.742822   -2.46518  -0.560473   0.346379
       -0        -0        -0        -0        -0        -0        -0        -0        -0        -0  -1.94403  -2.39505  -2.66689 -0.796312 -0.647201  0.742822  0.471339  -2.14522 -0.508519   -2.1791
        -0         -0         -0         -0         -0         -0         -0         -0         -0         -0  -0.543061   -2.48387   0.676667  0.0417899   -2.79366   -2.46518   -2.14522 -0.0480114   0.464605   -2.21425
        -0         -0         -0         -0         -0         -0         -0         -0         -0         -0   -1.88185 -0.0874942   -2.46933   0.545909   0.474743  -0.560473  -0.508519   0.464605  -0.945245   0.296479
      -0       -0       -0       -0       -0       -0       -0       -0       -0       -0 -2.25504 0.110727 -2.00642 -1.92193 -1.68558 0.346379  -2.1791 -2.21425 0.296479 -1.45886
 0.762334 -0.150443   2.24023 -0.942051   1.10743   1.27757  0.927852 0.0747365  0.490031 -0.815586        -0        -0        -0        -0        -0        -0        -0        -0        -0        -0
-0.150443  0.666249   2.49806 -0.623961  -0.74527  0.177138 -0.184456  0.962345  0.797451   1.36024        -0        -0        -0        -0        -0        -0        -0        -0        -0        -0
  2.24023   2.49806 -0.286126  0.850374 -0.812293 -0.261484   0.38065 -0.506706   1.68454   1.96019        -0        -0        -0        -0        -0        -0        -0        -0        -0        -0
-0.942051 -0.623961  0.850374   1.00067  0.289803   1.99145   2.77823  0.262444   1.22855  0.565064        -0        -0        -0        -0        -0        -0        -0        -0        -0        -0
  1.10743  -0.74527 -0.812293  0.289803 -0.426386   2.42379   1.81622   2.25215 -0.211102   1.13846        -0        -0        -0        -0        -0        -0        -0        -0        -0        -0
  1.27757  0.177138 -0.261484   1.99145   2.42379    2.1585   2.84236 0.0669077   1.10833  0.776406        -0        -0        -0        -0        -0        -0        -0        -0        -0        -0
 0.927852 -0.184456   0.38065   2.77823   1.81622   2.84236 -0.166609   2.57049   0.38705   0.40742        -0        -0        -0        -0        -0        -0        -0        -0        -0        -0
0.0747365  0.962345 -0.506706  0.262444   2.25215 0.0669077   2.57049 -0.750423    2.1798   1.97185        -0        -0        -0        -0        -0        -0        -0        -0        -0        -0
 0.490031  0.797451   1.68454   1.22855 -0.211102   1.10833   0.38705    2.1798 -0.567615 -0.670316        -0        -0        -0        -0        -0        -0        -0        -0        -0        -0
-0.815586   1.36024   1.96019  0.565064   1.13846  0.776406   0.40742   1.97185 -0.670316  0.262333        -0        -0        -0        -0        -0        -0        -0        -0        -0        -0
        -0         -0         -0         -0         -0         -0         -0         -0         -0         -0  -0.762334   0.150443   -2.24023   0.942051   -1.10743   -1.27757  -0.927852 -0.0747365  -0.490031   0.815586
       -0        -0        -0        -0        -0        -0        -0        -0        -0        -0  0.150443 -0.666249  -2.49806  0.623961   0.74527 -0.177138  0.184456 -0.962345 -0.797451  -1.36024
       -0        -0        -0        -0        -0        -0        -0        -0        -0        -0  -2.24023  -2.49806  0.286126 -0.850374  0.812293  0.261484  -0.38065  0.506706  -1.68454  -1.96019
       -0        -0        -0        -0        -0        -0        -0        -0        -0        -0  0.942051  0.623961 -0.850374  -1.00067 -0.289803  -1.99145  -2.77823 -0.262444  -1.22855 -0.565064
       -0        -0        -0        -0        -0        -0        -0        -0        -0        -0  -1.10743   0.74527  0.812293 -0.289803  0.426386  -2.42379  -1.81622  -2.25215  0.211102  -1.13846
        -0         -0         -0         -0         -0         -0         -0         -0         -0         -0   -1.27757  -0.177138   0.261484   -1.99145   -2.42379    -2.1585   -2.84236 -0.0669077   -1.10833  -0.776406
       -0        -0        -0        -0        -0        -0        -0        -0        -0        -0 -0.927852  0.184456  -0.38065  -2.77823  -1.81622  -2.84236  0.166609  -2.57049  -0.38705  -0.40742
        -0         -0         -0         -0         -0         -0         -0         -0         -0         -0 -0.0747365  -0.962345   0.506706  -0.262444   -2.25215 -0.0669077   -2.57049   0.750423    -2.1798   -1.97185
       -0        -0        -0        -0        -0        -0        -0        -0        -0        -0 -0.490031 -0.797451  -1.68454  -1.22855  0.211102  -1.10833  -0.38705   -2.1798  0.567615  0.670316
       -0        -0        -0        -0        -0        -0        -0        -0        -0        -0  0.815586  -1.36024  -1.96019 -0.565064  -1.13846 -0.776406  -0.40742  -1.97185  0.670316 -0.262333
  2.21042   2.74475  0.976673   1.47588 -0.584199 0.0332602   1.06698  0.955593  0.141112  0.167149        -0        -0        -0        -0        -0        -0        -0        -0        -0        -0
  2.74475 -0.783568   1.24106   2.65097 0.0963484    2.3739  0.173866  0.819522 -0.301312 -0.186109        -0        -0        -0        -0        -0        -0        -0        -0        -0        -0
 0.976673   1.24106   2.33024 -0.552627   2.12022  0.678309  0.923732  -0.92347   2.41213 -0.824291        -0        -0        -0        -0        -0        -0        -0        -0        -0        -0
  1.47588   2.65097 -0.552627  0.700558   1.50375   -0.6365   1.51435   0.07581   1.81942   2.09088        -0        -0        -0        -0        -0        -0        -0        -0        -0        -0
-0.584199 0.0963484   2.12022   1.50375   2.52564 -0.689241   1.87442 -0.676728 0.0621883   2.32824        -0        -0        -0        -0        -0        -0        -0        -0        -0        -0
0.0332602    2.3739  0.678309   -0.6365 -0.689241  0.484437  0.278417   2.60217   2.72289   2.05013        -0        -0        -0        -0        -0        -0        -0        -0        -0        -0
  1.06698  0.173866  0.923732   1.51435   1.87442  0.278417  0.628588   1.64101 -0.696142 -0.630702        -0        -0        -0        -0        -0        -0        -0        -0        -0        -0
  0.955593   0.819522   -0.92347    0.07581  -0.676728    2.60217    1.64101   0.703867    1.89439 -0.0431696         -0         -0         -0         -0         -0         -0         -0         -0         -0         -0
 0.141112 -0.301312   2.41213   1.81942 0.0621883   2.72289 -0.696142   1.89439   1.74691   1.10194        -0        -0        -0        -0        -0        -0        -0        -0        -0        -0
  0.167149  -0.186109  -0.824291    2.09088    2.32824    2.05013  -0.630702 -0.0431696    1.10194   0.773019         -0         -0         -0         -0         -0         -0         -0         -0         -0         -0
        -0         -0         -0         -0         -0         -0         -0         -0         -0         -0   -2.21042   -2.74475  -0.976673   -1.47588   0.584199 -0.0332602   -1.06698  -0.955593  -0.141112  -0.167149
        -0         -0         -0         -0         -0         -0         -0         -0         -0         -0   -2.74475   0.783568   -1.24106   -2.65097 -0.0963484    -2.3739  -0.173866  -0.819522   0.301312   0.186109
       -0        -0        -0        -0        -0        -0        -0        -0        -0        -0 -0.976673  -1.24106  -2.33024  0.552627  -2.12022 -0.678309 -0.923732   0.92347  -2.41213  0.824291
       -0        -0        -0        -0        -0        -0        -0        -0        -0        -0  -1.47588  -2.65097  0.552627 -0.700558  -1.50375    0.6365  -1.51435  -0.07581  -1.81942  -2.09088
        -0         -0         -0         -0         -0         -0         -0         -0         -0         -0   0.584199 -0.0963484   -2.12022   -1.50375   -2.52564   0.689241   -1.87442   0.676728 -0.0621883   -2.32824
        -0         -0         -0         -0         -0         -0         -0         -0         -0         -0 -0.0332602    -2.3739  -0.678309     0.6365   0.689241  -0.484437  -0.278417   -2.60217   -2.72289   -2.05013
       -0        -0        -0        -0        -0        -0        -0        -0        -0        -0  -1.06698 -0.173866 -0.923732  -1.51435  -1.87442 -0.278417 -0.628588  -1.64101  0.696142  0.630702
       -0        -0        -0        -0        -0        -0        -0        -0        -0        -0 -0.955593 -0.819522   0.92347  -0.07581  0.676728  -2.60217  -1.64101 -0.703867  -1.89439 0.0431696
        -0         -0         -0         -0         -0         -0         -0         -0         -0         -0  -0.141112   0.301312   -2.41213   -1.81942 -0.0621883   -2.72289   0.696142   -1.89439   -1.74691   -1.10194
       -0        -0        -0        -0        -0        -0        -0        -0        -0        -0 -0.167149  0.186109  0.824291  -2.09088  -2.32824  -2.05013  0.630702 0.0431696  -1.10194 -0.773019
  2.93701   2.81258 -0.114085   1.33676  0.640883   1.85833  0.962868   1.03684   1.35456   1.61442        -0        -0        -0        -0        -0        -0        -0        -0        -0        -0
  2.81258   1.76079  0.103558   1.73049   1.99151   1.57579   1.79763   2.47198 -0.952516  0.683321        -0        -0        -0        -0        -0        -0        -0        -0        -0        -0
-0.114085  0.103558    1.5084   1.27123   1.22559    2.7027 -0.272672  0.809122 -0.666124  0.212902        -0        -0        -0        -0        -0        -0        -0        -0        -0        -0
  1.33676   1.73049   1.27123  0.929299  0.620712  0.366726 -0.765898 -0.737579   1.05726   2.34175        -0        -0        -0        -0        -0        -0        -0        -0        -0        -0
 0.640883   1.99151   1.22559  0.620712   1.21622   2.63741 -0.273069 0.0926928  0.414211  0.917423        -0        -0        -0        -0        -0        -0        -0        -0        -0        -0
  1.85833   1.57579    2.7027  0.366726   2.63741   2.89714   2.47136 -0.974658   2.97129  0.939833        -0        -0        -0        -0        -0        -0        -0        -0        -0        -0
 0.962868   1.79763 -0.272672 -0.765898 -0.273069   2.47136   2.63868  -0.93178  0.954396   1.81311        -0        -0        -0        -0        -0        -0        -0        -0        -0        -0
  1.03684   2.47198  0.809122 -0.737579 0.0926928 -0.974658  -0.93178   2.75542  -0.38242  0.556104        -0        -0        -0        -0        -0        -0        -0        -0        -0        -0
  1.35456 -0.952516 -0.666124   1.05726  0.414211   2.97129  0.954396  -0.38242   2.72045 -0.488124        -0        -0        -0        -0        -0        -0        -0        -0        -0        -0
  1.61442  0.683321  0.212902   2.34175  0.917423  0.939833   1.81311  0.556104 -0.488124 -0.355796        -0        -0        -0        -0        -0        -0        -0        -0        -0        -0
       -0        -0        -0        -0        -0        -0        -0        -0        -0        -0  -2.93701  -2.81258  0.114085  -1.33676 -0.640883  -1.85833 -0.962868  -1.03684  -1.35456  -1.61442
       -0        -0        -0        -0        -0        -0        -0        -0        -0        -0  -2.81258  -1.76079 -0.103558  -1.73049  -1.99151  -1.57579  -1.79763  -2.47198  0.952516 -0.683321
       -0        -0        -0        -0        -0        -0        -0        -0        -0        -0  0.114085 -0.103558   -1.5084  -1.27123  -1.22559   -2.7027  0.272672 -0.809122  0.666124 -0.212902
       -0        -0        -0        -0        -0        -0        -0        -0        -0        -0  -1.33676  -1.73049  -1.27123 -0.929299 -0.620712 -0.366726  0.765898  0.737579  -1.05726  -2.34175
        -0         -0         -0         -0         -0         -0         -0         -0         -0         -0  -0.640883   -1.99151   -1.22559  -0.620712   -1.21622   -2.63741   0.273069 -0.0926928  -0.414211  -0.917423
       -0        -0        -0        -0        -0        -0        -0        -0        -0        -0  -1.85833  -1.57579   -2.7027 -0.366726  -2.63741  -2.89714  -2.47136  0.974658  -2.97129 -0.939833
       -0        -0        -0        -0        -0        -0        -0        -0        -0        -0 -0.962868  -1.79763  0.272672  0.765898  0.273069  -2.47136  -2.63868   0.93178 -0.954396  -1.81311
        -0         -0         -0         -0         -0         -0         -0         -0         -0         -0   -1.03684   -2.47198  -0.809122   0.737579 -0.0926928   0.974658    0.93178   -2.75542    0.38242  -0.556104
       -0        -0        -0        -0        -0        -0        -0        -0        -0        -0  -1.35456  0.952516  0.666124  -1.05726 -0.414211  -2.97129 -0.954396   0.38242  -2.72045  0.488124
       -0        -0        -0        -0        -0        -0        -0        -0        -0        -0  -1.61442 -0.683321 -0.212902  -2.34175 -0.917423 -0.939833  -1.81311 -0.556104  0.488124  0.355796
-0.626284 -0.362557  0.745789    1.8901  0.981979 -0.135977 -0.781629 -0.176832    2.9059   2.18643        -0        -0        -0        -0        -0        -0        -0        -0        -0        -0
-0.362557   2.31886 -0.908964   1.19362   1.28704   1.95075 -0.577736 -0.569186   2.20771 -0.712554        -0        -0        -0        -0        -0        -0        -0        -0        -0        -0
   0.745789   -0.908964     1.34638     2.95911   -0.501676     2.85349     2.48773     1.88436     2.35166 9.22405e-05          -0          -0          -0          -0          -0          -0          -0          -0          -0          -0
   1.8901   1.19362   2.95911   2.00628  0.426802    2.2104 -0.822517  0.321492   2.75939   1.67416        -0        -0        -0        -0        -0        -0        -0        -0        -0        -0
 0.981979   1.28704 -0.501676  0.426802   2.25836  0.909446   2.42855  0.857616   1.41811  -0.53507        -0        -0        -0        -0        -0        -0        -0        -0        -0        -0
-0.135977   1.95075   2.85349    2.2104  0.909446   2.28627    2.8642   1.14272  0.261104 -0.571361        -0        -0        -0        -0        -0        -0        -0        -0        -0        -0
-0.781629 -0.577736   2.48773 -0.822517   2.42855    2.8642   1.94773   2.19594   2.04566   1.53836        -0        -0        -0        -0        -0        -0        -0        -0        -0        -0
-0.176832 -0.569186   1.88436  0.321492  0.857616   1.14272   2.19594 -0.856548  0.892318   2.41266        -0        -0        -0        -0        -0        -0        -0        -0        -0        -0
   2.9059   2.20771   2.35166   2.75939   1.41811  0.261104   2.04566  0.892318 -0.930925 -0.927654        -0        -0        -0        -0        -0        -0        -0        -0        -0        -0
    2.18643   -0.712554 9.22405e-05     1.67416    -0.53507   -0.571361     1.53836     2.41266   -0.927654  -0.0128043          -0          -0          -0          -0          -0          -0          -0          -0          -0          -0
       -0        -0        -0        -0        -0        -0        -0        -0        -0        -0  0.626284  0.362557 -0.745789   -1.8901 -0.981979  0.135977  0.781629  0.176832   -2.9059  -2.18643
      -0       -0       -0       -0       -0       -0       -0       -0       -0       -0 0.362557 -2.31886 0.908964 -1.19362 -1.28704 -1.95075 0.577736 0.569186 -2.20771 0.712554
          -0           -0           -0           -0           -0           -0           -0           -0           -0           -0    -0.745789     0.908964     -1.34638     -2.95911     0.501676     -2.85349     -2.48773     -1.88436     -2.35166 -9.22405e-05
       -0        -0        -0        -0        -0        -0        -0        -0        -0        -0   -1.8901  -1.19362  -2.95911  -2.00628 -0.426802   -2.2104  0.822517 -0.321492  -2.75939  -1.67416
       -0        -0        -0        -0        -0        -0        -0        -0        -0        -0 -0.981979  -1.28704  0.501676 -0.426802  -2.25836 -0.909446  -2.42855 -0.857616  -1.41811   0.53507
       -0        -0        -0        -0        -0        -0        -0        -0        -0        -0  0.135977  -1.95075  -2.85349   -2.2104 -0.909446  -2.28627   -2.8642  -1.14272 -0.261104  0.571361
      -0       -0       -0       -0       -0       -0       -0       -0       -0       -0 0.781629 0.577736 -2.48773 0.822517 -2.42855  -2.8642 -1.94773 -2.19594 -2.04566 -1.53836
       -0        -0        -0        -0        -0        -0        -0        -0        -0        -0  0.176832  0.569186  -1.88436 -0.321492 -0.857616  -1.14272  -2.19594  0.856548 -0.892318  -2.41266
       -0        -0        -0        -0        -0        -0        -0        -0        -0        -0   -2.9059  -2.20771  -2.35166  -2.75939  -1.41811 -0.261104  -2.04566 -0.892318  0.930925  0.927654
          -0           -0           -0           -0           -0           -0           -0           -0           -0           -0     -2.18643     0.712554 -9.22405e-05     -1.67416      0.53507     0.571361     -1.53836     -2.41266     0.927654    0.0128043
-0.990019  0.813849   1.70786 -0.714955  0.982866 -0.363945   2.69848  0.984007 -0.225272  0.311628        -0        -0        -0        -0        -0        -0        -0        -0        -0        -0
0.813849  2.32498  1.08532   1.6707  1.54825    2.645  1.90451  1.14869 0.897227  2.63698       -0       -0       -0       -0       -0       -0       -0       -0       -0       -0
  1.70786   1.08532   1.78313  0.104451   2.72274   1.56213   2.99867   2.40704  0.096005 -0.817557        -0        -0        -0        -0        -0        -0        -0        -0        -0        -0
-0.714955    1.6707  0.104451  0.703055 -0.428669   2.41919 -0.197068  0.706749   2.33685  0.310294        -0        -0        -0        -0        -0        -0        -0        -0        -0        -0
 0.982866   1.54825   2.72274 -0.428669   2.71376   2.35295 -0.392436   1.72002  0.316414 -0.560087        -0        -0        -0        -0        -0        -0        -0        -0        -0        -0
-0.363945     2.645   1.56213   2.41919   2.35295   2.32161  0.563711    2.1208 -0.551042 -0.209993        -0        -0        -0        -0        -0        -0        -0        -0        -0        -0
  2.69848   1.90451   2.99867 -0.197068 -0.392436  0.563711  -0.87561 -0.486139   1.65847   1.87401        -0        -0        -0        -0        -0        -0        -0        -0        -0        -0
 0.984007   1.14869   2.40704  0.706749   1.72002    2.1208 -0.486139 -0.702073   2.98366 -0.435698        -0        -0        -0        -0        -0        -0        -0        -0        -0        -0
-0.225272  0.897227  0.096005   2.33685  0.316414 -0.551042   1.65847   2.98366    2.9385   1.37625        -0        -0        -0        -0        -0        -0        -0        -0        -0        -0
 0.311628   2.63698 -0.817557  0.310294 -0.560087 -0.209993   1.87401 -0.435698   1.37625   2.03983        -0        -0        -0        -0        -0        -0        -0        -0        -0        -0
       -0        -0        -0        -0        -0        -0        -0        -0        -0        -0  0.990019 -0.813849  -1.70786  0.714955 -0.982866  0.363945  -2.69848 -0.984007  0.225272 -0.311628
       -0        -0        -0        -0        -0        -0        -0        -0        -0        -0 -0.813849  -2.32498  -1.08532   -1.6707  -1.54825    -2.645  -1.90451  -1.14869 -0.897227  -2.63698
       -0        -0        -0        -0        -0        -0        -0        -0        -0        -0  -1.70786  -1.08532  -1.78313 -0.104451  -2.72274  -1.56213  -2.99867  -2.40704 -0.096005  0.817557
       -0        -0        -0        -0        -0        -0        -0        -0        -0        -0  0.714955   -1.6707 -0.104451 -0.703055  0.428669  -2.41919  0.197068 -0.706749  -2.33685 -0.310294
       -0        -0        -0        -0        -0        -0        -0        -0        -0        -0 -0.982866  -1.54825  -2.72274  0.428669  -2.71376  -2.35295  0.392436  -1.72002 -0.316414  0.560087
       -0        -0        -0        -0        -0        -0        -0        -0        -0        -0  0.363945    -2.645  -1.56213  -2.41919  -2.35295  -2.32161 -0.563711   -2.1208  0.551042  0.209993
       -0        -0        -0        -0        -0        -0        -0        -0        -0        -0  -2.69848  -1.90451  -2.99867  0.197068  0.392436 -0.563711   0.87561  0.486139  -1.65847  -1.87401
       -0        -0        -0        -0        -0        -0        -0        -0        -0        -0 -0.984007  -1.14869  -2.40704 -0.706749  -1.72002   -2.1208  0.486139  0.702073  -2.98366  0.435698
       -0        -0        -0        -0        -0        -0        -0        -0        -0        -0  0.225272 -0.897227 -0.096005  -2.33685 -0.316414  0.551042  -1.65847  -2.98366   -2.9385  -1.37625
       -0        -0        -0        -0        -0        -0        -0        -0        -0        -0 -0.311628  -2.63698  0.817557 -0.310294  0.560087  0.209993  -1.87401  0.435698  -1.37625  -2.03983
  0.423095  -0.968127  -0.745552 -0.0548255   0.572825  -0.136786  -0.954166    2.54486    1.99466  -0.336156         -0         -0         -0         -0         -0         -0         -0         -0         -0         -0
 -0.968127 -0.0188082   0.721047    2.57963  -0.356836    1.77889   0.120253    2.68722   0.276254    2.33031         -0         -0         -0         -0         -0         -0         -0         -0         -0         -0
-0.745552  0.721047  0.152318   2.96341   2.22988   2.23839  0.343922   2.29412   2.62601  0.798113        -0        -0        -0        -0        -0        -0        -0        -0        -0        -0
-0.0548255    2.57963    2.96341    1.13369  -0.317832    1.01553  -0.990755    1.77475    1.23305    1.00777         -0         -0         -0         -0         -0         -0         -0         -0         -0         -0
 0.572825 -0.356836   2.22988 -0.317832  0.771042   2.21578   2.25394 -0.630607   2.29179   2.33956        -0        -0        -0        -0        -0        -0        -0        -0        -0        -0
-0.136786   1.77889   2.23839   1.01553   2.21578   1.26973  0.753689 0.0651619    1.8418 0.0520577        -0        -0        -0        -0        -0        -0        -0        -0        -0        -0
-0.954166  0.120253  0.343922 -0.990755   2.25394  0.753689   1.03967   1.32268 -0.497217   2.76146        -0        -0        -0        -0        -0        -0        -0        -0        -0        -0
  2.54486   2.68722   2.29412   1.77475 -0.630607 0.0651619   1.32268  0.477317   1.89955  0.379226        -0        -0        -0        -0        -0        -0        -0        -0        -0        -0
  1.99466  0.276254   2.62601   1.23305   2.29179    1.8418 -0.497217   1.89955   2.28448   1.34823        -0        -0        -0        -0        -0        -0        -0        -0        -0        -0
-0.336156   2.33031  0.798113   1.00777   2.33956 0.0520577   2.76146  0.379226   1.34823  0.875855        -0        -0        -0        -0        -0        -0        -0        -0        -0        -0
       -0        -0        -0        -0        -0        -0        -0        -0        -0        -0 -0.423095  0.968127  0.745552 0.0548255 -0.572825  0.136786  0.954166  -2.54486  -1.99466  0.336156
       -0        -0        -0        -0        -0        -0        -0        -0        -0        -0  0.968127 0.0188082 -0.721047  -2.57963  0.356836  -1.77889 -0.120253  -2.68722 -0.276254  -2.33031
       -0        -0        -0        -0        -0        -0        -0        -0        -0        -0  0.745552 -0.721047 -0.152318  -2.96341  -2.22988  -2.23839 -0.343922  -2.29412  -2.62601 -0.798113
       -0        -0        -0        -0        -0        -0        -0        -0        -0        -0 0.0548255  -2.57963  -2.96341  -1.13369  0.317832  -1.01553  0.990755  -1.77475  -1.23305  -1.00777
       -0        -0        -0        -0        -0        -0        -0        -0        -0        -0 -0.572825  0.356836  -2.22988  0.317832 -0.771042  -2.21578  -2.25394  0.630607  -2.29179  -2.33956
        -0         -0         -0         -0         -0         -0         -0         -0         -0         -0   0.136786   -1.77889   -2.23839   -1.01553   -2.21578   -1.26973  -0.753689 -0.0651619    -1.8418 -0.0520577
       -0        -0        -0        -0        -0        -0        -0        -0        -0        -0  0.954166 -0.120253 -0.343922  0.990755  -2.25394 -0.753689  -1.03967  -1.32268  0.497217  -2.76146
        -0         -0         -0         -0         -0         -0         -0         -0         -0         -0   -2.54486   -2.68722   -2.29412   -1.77475   0.630607 -0.0651619   -1.32268  -0.477317   -1.89955  -0.379226
       -0        -0        -0        -0        -0        -0        -0        -0        -0        -0  -1.99466 -0.276254  -2.62601  -1.23305  -2.29179   -1.8418  0.497217  -1.89955  -2.28448  -1.34823
        -0         -0         -0         -0         -0         -0         -0         -0         -0         -0   0.336156   -2.33031  -0.798113   -1.00777   -2.33956 -0.0520577   -2.76146  -0.379226   -1.34823  -0.875855
-0.969818   2.83764  0.818145 -0.420988   1.18549    2.7647 -0.214149    1.7637 -0.381068   1.26888        -0        -0        -0        -0        -0        -0        -0        -0        -0        -0
   2.83764    1.40445 -0.0660638   0.669219  -0.594354   0.484731  0.0626926  -0.184991    1.05538    2.98626         -0         -0         -0         -0         -0         -0         -0         -0         -0         -0
  0.818145 -0.0660638  -0.079749 -0.0903592   0.888801    1.83882  -0.746988  -0.753375  -0.669881    1.78465         -0         -0         -0         -0         -0         -0         -0         -0         -0         -0
 -0.420988   0.669219 -0.0903592    1.14209  -0.735752  -0.315054   0.695492    -0.3475    2.45775    1.52189         -0         -0         -0         -0         -0         -0         -0         -0         -0         -0
  1.18549 -0.594354  0.888801 -0.735752    2.8693  0.100989   2.20478 0.0792569   1.74033  0.681756        -0        -0        -0        -0        -0        -0        -0        -0        -0        -0
   2.7647  0.484731   1.83882 -0.315054  0.100989  0.780523  0.246534 -0.884072  0.431108  0.989432        -0        -0        -0        -0        -0        -0        -0        -0        -0        -0
-0.214149 0.0626926 -0.746988  0.695492   2.20478  0.246534   2.27298    2.1788  0.238275   2.76842        -0        -0        -0        -0        -0        -0        -0        -0        -0        -0
    1.7637  -0.184991  -0.753375    -0.3475  0.0792569  -0.884072     2.1788    1.71405    2.68508 -0.0452689         -0         -0         -0         -0         -0         -0         -0         -0         -0         -0
-0.381068   1.05538 -0.669881   2.45775   1.74033  0.431108  0.238275   2.68508   2.20041  0.268779        -0        -0        -0        -0        -0        -0        -0        -0        -0        -0
   1.26888    2.98626    1.78465    1.52189   0.681756   0.989432    2.76842 -0.0452689   0.268779    1.39794         -0         -0         -0         -0         -0         -0         -0         -0         -0         -0
       -0        -0        -0        -0        -0        -0        -0        -0        -0        -0  0.969818  -2.83764 -0.818145  0.420988  -1.18549   -2.7647  0.214149   -1.7637  0.381068  -1.26888
        -0         -0         -0         -0         -0         -0         -0         -0         -0         -0   -2.83764   -1.40445  0.0660638  -0.669219   0.594354  -0.484731 -0.0626926   0.184991   -1.05538   -2.98626
       -0        -0        -0        -0        -0        -0        -0        -0        -0        -0 -0.818145 0.0660638  0.079749 0.0903592 -0.888801  -1.83882  0.746988  0.753375  0.669881  -1.78465
       -0        -0        -0        -0        -0        -0        -0        -0        -0        -0  0.420988 -0.669219 0.0903592  -1.14209  0.735752  0.315054 -0.695492    0.3475  -2.45775  -1.52189
        -0         -0         -0         -0         -0         -0         -0         -0         -0         -0   -1.18549   0.594354  -0.888801   0.735752    -2.8693  -0.100989   -2.20478 -0.0792569   -1.74033  -0.681756
       -0        -0        -0        -0        -0        -0        -0        -0        -0        -0   -2.7647 -0.484731  -1.83882  0.315054 -0.100989 -0.780523 -0.246534  0.884072 -0.431108 -0.989432
        -0         -0         -0         -0         -0         -0         -0         -0         -0         -0   0.214149 -0.0626926   0.746988  -0.695492   -2.20478  -0.246534   -2.27298    -2.1788  -0.238275   -2.76842
        -0         -0         -0         -0         -0         -0         -0         -0         -0         -0    -1.7637   0.184991   0.753375     0.3475 -0.0792569   0.884072    -2.1788   -1.71405   -2.68508  0.0452689
       -0        -0        -0        -0        -0        -0        -0        -0        -0        -0  0.381068  -1.05538  0.669881  -2.45775  -1.74033 -0.431108 -0.238275  -2.68508  -2.20041 -0.268779
       -0        -0        -0        -0        -0        -0        -0        -0        -0        -0  -1.26888  -2.98626  -1.78465  -1.52189 -0.681756 -0.989432  -2.76842 0.0452689 -0.268779  -1.39794
 -0.20429   1.70917   1.04317   1.88687 -0.261185   1.55692   1.20193   1.60263   1.24443   1.63958        -0        -0        -0        -0        -0        -0        -0        -0        -0        -0
  1.70917   2.62519   1.19862   2.08927   2.37643   1.47082 -0.287525   2.09594   2.02638   1.24747        -0        -0        -0        -0        -0        -0        -0        -0        -0        -0
   1.04317    1.19862    2.65707  -0.881491  0.0234841   -0.38384 -0.0643465    2.16762    1.63101    1.73533         -0         -0         -0         -0         -0         -0         -0         -0         -0         -0
  1.88687   2.08927 -0.881491   1.09983   1.24314     1.214   1.32044   2.62612   1.86059   2.57524        -0        -0        -0        -0        -0        -0        -0        -0        -0        -0
-0.261185   2.37643 0.0234841   1.24314   1.41572   2.29864    1.8123  0.339083  0.240374 -0.432096        -0        -0        -0        -0        -0        -0        -0        -0        -0        -0
  1.55692   1.47082  -0.38384     1.214   2.29864  0.336669 0.0672577   0.58334  0.929647  0.547632        -0        -0        -0        -0        -0        -0        -0        -0        -0        -0
   1.20193  -0.287525 -0.0643465    1.32044     1.8123  0.0672577    2.12392    2.73254  -0.802746  -0.357507         -0         -0         -0         -0         -0         -0         -0         -0         -0         -0
  1.60263   2.09594   2.16762   2.62612  0.339083   0.58334   2.73254   2.82688 -0.206802   2.69183        -0        -0        -0        -0        -0        -0        -0        -0        -0        -0
  1.24443   2.02638   1.63101   1.86059  0.240374  0.929647 -0.802746 -0.206802 -0.954459   1.75197        -0        -0        -0        -0        -0        -0        -0        -0        -0        -0
  1.63958   1.24747   1.73533   2.57524 -0.432096  0.547632 -0.357507   2.69183   1.75197   1.99962        -0        -0        -0        -0        -0        -0        -0        -0        -0        -0
      -0       -0       -0       -0       -0       -0       -0       -0       -0       -0  0.20429 -1.70917 -1.04317 -1.88687 0.261185 -1.55692 -1.20193 -1.60263 -1.24443 -1.63958
      -0       -0       -0       -0       -0       -0       -0       -0       -0       -0 -1.70917 -2.62519 -1.19862 -2.08927 -2.37643 -1.47082 0.287525 -2.09594 -2.02638 -1.24747
        -0         -0         -0         -0         -0         -0         -0         -0         -0         -0   -1.04317   -1.19862   -2.65707   0.881491 -0.0234841    0.38384  0.0643465   -2.16762   -1.63101   -1.73533
      -0       -0       -0       -0       -0       -0       -0       -0       -0       -0 -1.88687 -2.08927 0.881491 -1.09983 -1.24314   -1.214 -1.32044 -2.62612 -1.86059 -2.57524
        -0         -0         -0         -0         -0         -0         -0         -0         -0         -0   0.261185   -2.37643 -0.0234841   -1.24314   -1.41572   -2.29864    -1.8123  -0.339083  -0.240374   0.432096
        -0         -0         -0         -0         -0         -0         -0         -0         -0         -0   -1.55692   -1.47082    0.38384     -1.214   -2.29864  -0.336669 -0.0672577   -0.58334  -0.929647  -0.547632
        -0         -0         -0         -0         -0         -0         -0         -0         -0         -0   -1.20193   0.287525  0.0643465   -1.32044    -1.8123 -0.0672577   -2.12392   -2.73254   0.802746   0.357507
       -0        -0        -0        -0        -0        -0        -0        -0        -0        -0  -1.60263  -2.09594  -2.16762  -2.62612 -0.339083  -0.58334  -2.73254  -2.82688  0.206802  -2.69183
       -0        -0        -0        -0        -0        -0        -0        -0        -0        -0  -1.24443  -2.02638  -1.63101  -1.86059 -0.240374 -0.929647  0.802746  0.206802  0.954459  -1.75197
       -0        -0        -0        -0        -0        -0        -0        -0        -0        -0  -1.63958  -1.24747  -1.73533  -2.57524  0.432096 -0.547632  0.357507  -2.69183  -1.75197  -1.99962
  2.48301 -0.126548   1.58664   2.62031   2.05789   2.96182   2.24809   0.42181   2.04035   2.53071        -0        -0        -0        -0        -0        -0        -0        -0        -0        -0
-0.126548  0.505948 -0.597039   2.46986  0.543613  0.434937   1.14342   1.97351   2.88701  0.539031        -0        -0        -0        -0        -0        -0        -0        -0        -0        -0
  1.58664 -0.597039   2.72711   1.97618  0.917973  0.924221   2.44066 -0.605062  0.907521   2.53351        -0        -0        -0        -0        -0        -0        -0        -0        -0        -0
   2.62031    2.46986    1.97618   0.715864     1.7877    2.68894    1.22427    2.33978 -0.0354324    1.97137         -0         -0         -0         -0         -0         -0         -0         -0         -0         -0
  2.05789  0.543613  0.917973    1.7877 0.0480717   1.75691   2.85928  0.761207   2.57595    2.7633        -0        -0        -0        -0        -0        -0        -0        -0        -0        -0
 2.96182 0.434937 0.924221  2.68894  1.75691 0.902418  0.56115  0.44301 -0.33557  2.39279       -0       -0       -0       -0       -0       -0       -0       -0       -0       -0
  2.24809   1.14342   2.44066   1.22427   2.85928   0.56115   1.18116   0.62429   1.86699 -0.467477        -0        -0        -0        -0        -0        -0        -0        -0        -0        -0
  0.42181   1.97351 -0.605062   2.33978  0.761207   0.44301   0.62429  0.519087   2.55991  0.944461        -0        -0        -0        -0        -0        -0        -0        -0        -0        -0
   2.04035    2.88701   0.907521 -0.0354324    2.57595   -0.33557    1.86699    2.55991    1.29094  -0.597423         -0         -0         -0         -0         -0         -0         -0         -0         -0         -0
  2.53071  0.539031   2.53351   1.97137    2.7633   2.39279 -0.467477  0.944461 -0.597423 -0.551862        -0        -0        -0        -0        -0        -0        -0        -0        -0        -0
      -0       -0       -0       -0       -0       -0       -0       -0       -0       -0 -2.48301 0.126548 -1.58664 -2.62031 -2.05789 -2.96182 -2.24809 -0.42181 -2.04035 -2.53071
       -0        -0        -0        -0        -0        -0        -0        -0        -0        -0  0.126548 -0.505948  0.597039  -2.46986 -0.543613 -0.434937  -1.14342  -1.97351  -2.88701 -0.539031
       -0        -0        -0        -0        -0        -0        -0        -0        -0        -0  -1.58664  0.597039  -2.72711  -1.97618 -0.917973 -0.924221  -2.44066  0.605062 -0.907521  -2.53351
       -0        -0        -0        -0        -0        -0        -0        -0        -0        -0  -2.62031  -2.46986  -1.97618 -0.715864   -1.7877  -2.68894  -1.22427  -2.33978 0.0354324  -1.97137
        -0         -0         -0         -0         -0         -0         -0         -0         -0         -0   -2.05789  -0.543613  -0.917973    -1.7877 -0.0480717   -1.75691   -2.85928  -0.761207   -2.57595    -2.7633
       -0        -0        -0        -0        -0        -0        -0        -0        -0        -0  -2.96182 -0.434937 -0.924221  -2.68894  -1.75691 -0.902418  -0.56115  -0.44301   0.33557  -2.39279
      -0       -0       -0       -0       -0       -0       -0       -0       -0       -0 -2.24809 -1.14342 -2.44066 -1.22427 -2.85928 -0.56115 -1.18116 -0.62429 -1.86699 0.467477
       -0        -0        -0        -0        -0        -0        -0        -0        -0        -0  -0.42181  -1.97351  0.605062  -2.33978 -0.761207  -0.44301  -0.62429 -0.519087  -2.55991 -0.944461
       -0        -0        -0        -0        -0        -0        -0        -0        -0        -0  -2.04035  -2.88701 -0.907521 0.0354324  -2.57595   0.33557  -1.86699  -2.55991  -1.29094  0.597423
       -0        -0        -0        -0        -0        -0        -0        -0        -0        -0  -2.53071 -0.539031  -2.53351  -1.97137   -2.7633  -2.39279  0.467477 -0.944461  0.597423  0.551862
