-0.552993 -0.429298 -0.296634 -0.15147 0.0629653 -0.0950848 -0.31853 -0.197913 0.121348 0.245164 -0.278755 -0.0872491 -0.61137 0.308879 -0.0727902 0.356241 0.0268913 -0.304764 0.355316 0.217191 0.00435375 -0.251221 -0.0495917 -0.330939 -0.0413175 0.171136 0.34807 0.363917 -0.162864 -0.193201 -0.260963 -0.202575 0.0335973 -0.0790046 0.183852 -0.437504 
-0.112659 0.439463 0.00342778 0.259647 0.376134 -0.406639 -0.469 -0.0626214 0.27699 0.359538 -0.137232 0.068959 0.456811 0.263787 -0.477461 0.066565 -0.390427 0.264084 -0.222722 -0.231325 0.31294 0.285586 -0.207991 0.206498 0.200229 -0.16031 0.0721669 -0.131602 -0.445481 -0.312435 0.0310651 -0.632436 -0.247508 0.427773 -0.425253 -0.10437 
0.086346 -0.111043 0.287468 0.15663 -0.344069 -0.136266 0.313208 -0.223454 0.381131 -0.0366135 -0.0391721 0.093143 0.471423 -0.27473 -0.14495 -0.447818 -0.510692 -0.0576105 -0.175468 -0.483844 0.506737 0.105159 -0.20572 -0.274809 0.12644 -0.0346723 0.301583 0.405745 0.466614 -0.260745 0.472834 -0.0191028 0.0125115 -0.176412 -0.171783 -0.487422 
-0.0554259 -0.253615 0.152693 0.278573 -0.400583 0.0277322 0.105651 0.239197 0.0896185 0.118054 0.130705 0.373952 0.686139 0.487945 -0.637797 0.244843 -0.201946 -0.372874 -0.230046 0.0107638 -0.3749 -0.614 -0.26316 0.105479 0.272419 -0.231817 0.168111 -0.219946 0.152784 0.190136 0.398794 -0.178928 -0.21147 -0.0191865 -0.59561 0.0446631 
-0.157013 -0.385256 -0.044843 -0.124195 -0.461784 -0.182837 0.0326003 -0.0823389 0.157537 -0.0647588 -0.256443 -0.465271 -0.431362 0.649567 -0.0943774 -0.122303 0.0777861 0.283317 0.00415101 0.224181 0.317465 0.489963 0.297458 0.199789 0.308179 0.408009 0.584457 0.258025 0.179877 0.580283 0.123942 -0.381525 0.488938 -0.287518 0.394449 -0.0442003 
-0.444217 0.121965 -0.380884 0.472273 0.542345 0.689228 0.162427 -0.0542839 -0.355309 -0.408404 -0.264698 -0.354713 -0.230595 0.33548 -0.087483 0.412865 0.414042 0.446865 0.14516 -0.389676 -0.341963 -0.209739 -0.330505 -0.173974 -0.119566 -0.16783 0.540875 0.197139 -0.0775471 0.349854 0.0633432 -0.298324 0.00805887 0.377424 -0.168832 -0.0467494 
-0.117409 -0.133136 -0.0755315 -0.546663 0.334065 0.173014 -0.192085 -0.229382 -0.353171 0.31285 0.25993 -0.292851 -0.0647081 0.10471 -0.104082 0.230446 -0.0878756 -0.192544 -0.12036 0.0578407 -0.442968 0.105254 -0.426676 0.47291 0.470729 -0.465961 0.4067 -0.142639 0.281582 -0.080065 -0.115651 -0.0960099 -0.189536 -0.341887 -0.0445385 -0.202535 
0.123823 -0.376905 0.112219 0.524243 0.0769951 -0.132996 0.108114 0.0904868 -0.00189939 -0.257636 0.137636 0.548363 -0.230842 0.0544984 0.152462 0.263462 0.0119702 0.0937615 0.19773 0.184549 -0.433865 -0.14626 0.0996145 0.0121865 -0.112993 -0.407656 0.247416 0.168692 0.216077 -0.140999 -0.172045 -0.0390828 -0.393766 -0.12945 0.110723 0.0676137 
0.0118376 -0.494879 -0.356622 -0.222648 -0.384418 0.161205 -0.0733056 0.109051 0.00822023 0.120208 0.0966864 -0.0434252 0.389546 0.0228831 0.196665 -0.147577 -0.0314652 -0.0836879 -0.329835 -0.159239 0.0578742 -0.0053085 0.144992 -0.0574214 -0.125704 0.414435 -0.0724665 -0.145989 0.37859 -0.098855 -0.0967852 0.276673 0.0843709 -0.364417 -0.159436 -0.337889 
-0.0527532 -0.0812682 -0.0391298 0.567781 -0.063116 -0.287799 0.0606287 0.432981 0.236661 -0.0890789 0.155367 -0.681769 -0.212748 0.216076 -0.0195885 0.148072 0.320285 -0.369497 0.119709 0.023487 -0.279677 -0.242808 0.565911 0.425292 -0.433883 -0.13902 -0.421658 -0.681007 -0.0715169 0.566558 0.322726 -0.425029 -0.0274 0.0728833 -0.697749 0.131936 
0.0911296 -0.302371 0.290921 -0.379031 0.300642 0.0902409 0.0370832 0.19006 -0.305576 -0.247652 0.414811 0.0755578 0.151254 -0.0031342 -0.463357 0.0257441 0.0712692 0.130981 -0.461059 -0.498662 0.108017 0.15236 0.236268 -0.0988104 -0.31541 0.272157 -0.218192 -0.00436165 -0.471106 -0.103941 0.123674 -0.409655 0.268967 0.165985 -0.0950228 -0.494732 
0.267371 0.377384 0.390525 -0.353775 -0.276539 0.10202 0.0257811 0.0125832 -0.562745 0.0437704 -0.339006 -0.211339 -0.0129331 0.409873 0.421994 0.17143 -0.019066 0.0818734 -0.257414 -0.0931899 -0.352419 -0.616119 0.446295 0.677043 -0.205881 0.272209 -0.564051 -0.280916 -0.0612352 -0.504376 0.132161 -0.422247 0.288034 -0.0912056 0.109364 0.211275 
0.293337 0.766372 -0.0672312 0.151931 0.040675 -0.173277 -0.253858 -0.166003 0.20528 -0.000189739 0.0715815 -0.247418 0.546585 0.295731 -0.452972 0.0643994 -0.0464582 -0.14376 -0.268609 -0.113081 -0.0227078 -0.408474 -0.255697 -0.504926 0.494776 0.054082 0.524294 0.185464 -0.684827 -0.264986 0.212519 -0.709028 0.0986566 -0.0588942 -0.231843 -0.377849 
-0.00819502 0.265187 0.346829 -0.525453 -0.741921 -0.859562 0.176303 -0.18724 -0.0676031 0.5083 0.153444 0.058053 0.3322 -0.111256 -0.269443 0.191856 -0.109482 -0.759002 -0.21954 -0.160183 -0.0322551 0.00846715 -0.322122 -0.304747 0.132572 -0.342666 0.296227 0.513884 -0.562091 0.137617 0.66412 0.0508955 -0.127868 -0.274258 0.0770305 -0.306333 
0.134095 -0.390816 -0.136206 0.0327037 -0.280895 0.609459 0.013573 0.129596 -0.0380475 -0.0713384 -0.0033412 -0.0678878 0.247341 0.00398388 -0.00141023 0.20768 0.303869 -0.136758 -0.460939 -0.588861 -0.453645 0.200931 0.197392 0.0688997 -0.212611 0.00488311 0.358016 -0.287233 -0.548952 -0.241447 -0.25939 0.117824 0.152721 0.503261 -0.231093 0.111693 
-0.000990476 -0.244095 -0.557464 0.449425 -0.18135 0.0723393 0.824778 -0.169546 0.623235 -0.259358 -0.681765 0.210492 0.66035 -0.26626 0.179799 -0.240967 -0.777167 -0.142872 0.262311 -0.360721 0.214077 0.165507 0.196549 -0.0867426 -0.23985 0.280827 -0.201208 -0.283992 0.466196 0.00580879 0.2223 0.0726163 0.0163037 -0.26916 0.420639 -0.369136 
0.461585 0.398427 0.222102 -0.270105 0.0966774 -0.276794 -0.310361 0.519167 -0.150035 0.595161 -0.142726 -0.0564815 -0.450799 0.365278 -0.304089 -0.0572067 -0.447611 0.541911 -0.205235 -0.328656 0.415158 0.245579 -0.198231 -0.578269 0.135076 -0.439617 -0.867688 -0.0798293 -0.182926 -0.439204 -0.0451737 -0.0812574 0.284824 -0.0855807 0.24384 -0.327626 
-0.477947 0.383627 -0.00871085 -0.301363 -0.42347 0.435638 0.444793 0.128934 -0.386164 -0.48869 0.284993 0.348259 -0.420782 -0.128682 -0.47725 -0.360507 0.0818898 -0.0549241 -0.118606 0.320147 0.492114 -0.563869 0.0384078 0.314386 -0.487324 -0.00416247 -0.256403 -0.181258 0.173729 -0.0455822 0.088766 0.110535 -0.489449 0.453766 -0.336248 -0.306126 
0.031579 0.126012 -0.532161 0.326881 0.381386 -0.141829 -0.586988 -0.561312 -0.302233 0.0687526 0.117818 -0.136168 0.665809 -0.360944 -0.383096 0.331935 -0.128071 -0.234471 -0.375634 0.314055 -0.0878131 -0.0118513 -0.536441 -0.113226 0.715034 0.610931 0.0856188 -0.0327249 -0.209401 -0.0467524 -0.377968 -0.450244 -0.00482148 -0.355294 -0.530566 0.648367 
0.0263933 0.0544801 0.35499 -0.24542 -0.27441 0.459536 0.0108537 0.231593 0.671519 -0.142881 0.0293839 0.41135 0.392531 -0.62132 -0.223963 -0.279657 0.060562 0.0642068 0.374694 -0.775169 -0.0352104 -0.442132 -0.165579 0.320863 0.0408176 0.382432 0.0613935 0.359267 0.0131507 -0.131091 0.0231116 0.136668 0.179475 -0.349489 0.382654 -0.0513459 
-0.376022 0.0338005 0.224052 0.18632 0.217524 0.294113 -0.178408 -0.458469 0.0916055 0.359294 -0.00740189 -0.653325 -0.00159175 -0.0291352 0.474619 0.0721097 -0.215503 0.187508 0.0199974 0.283491 -0.402309 0.17518 -0.061041 0.455394 0.210636 0.246694 -0.283166 0.0328382 0.172315 0.241689 -0.0574134 0.536525 -0.183586 -0.0732452 -0.105239 0.110722 
0.309257 -0.0219796 0.265685 -0.0684791 0.419016 0.392171 -0.377022 0.0319604 -0.423204 0.644362 0.747799 0.198993 0.624942 -0.191276 -0.0549459 -0.0522031 -0.340425 -0.242746 -0.435692 -0.117643 -0.435869 0.461661 0.448483 0.80048 0.00802409 -0.266697 -0.069398 0.347602 -0.00504299 0.0232301 0.685785 -0.0177009 0.356847 -0.0444191 0.199616 -0.394928 
0.099279 0.483486 0.405374 -0.0231545 0.468338 0.0495955 0.52149 -0.145784 0.206039 0.298335 -0.153985 0.444112 0.495458 -0.51891 0.433894 0.054774 -0.058365 0.527984 0.0969955 -0.194399 0.148708 0.39206 -0.245553 0.113625 0.123065 -0.00440702 -0.390531 -0.631294 0.114366 0.428986 0.300518 -0.0903731 0.0902286 -0.317673 -0.40586 -0.407353 
-0.564959 -0.385774 0.390845 0.496527 -0.0275931 -0.119501 -0.0320074 0.425998 -0.296473 -0.105339 -0.298199 -0.199845 0.682553 0.467575 -0.618306 -0.116183 -0.103169 0.450537 -0.5121 -0.35497 0.061578 0.289564 -0.0924234 -0.0558029 0.167144 0.491838 0.226216 -0.236457 -0.0575007 0.267264 0.117569 -0.530447 -0.0338915 0.270356 -0.3167 -0.120957 
0.273585 0.157344 0.0499967 -0.359698 0.298106 -0.331717 0.622054 -0.545867 0.0521944 0.0908142 -0.215207 -0.114581 0.104298 0.0817519 -0.101733 -0.586405 -0.346914 0.287226 -0.0814333 0.304919 -0.563783 0.178944 -0.169078 -0.594691 -0.197623 0.584945 -0.384098 0.119062 -0.392871 0.559191 0.216058 0.207401 -0.479358 -0.159752 -0.0320905 -0.54363 
0.305392 0.130801 -0.507117 -0.376359 0.00402878 -0.126385 -0.495795 -0.470426 0.302499 -0.556897 -0.626787 -0.172686 -0.0258767 -0.408939 -0.24688 -0.00642639 0.0572683 0.155871 -0.520464 -0.136052 -0.1707 0.538797 0.407305 -0.0257806 0.675788 -0.12559 0.394818 0.11267 0.229871 0.169039 -0.0952953 0.23815 -0.159179 -0.145555 0.0787484 0.0331299 
-0.157195 0.44169 0.380229 0.624539 -0.213554 0.284494 0.497382 0.310415 -0.42316 -0.485074 -0.113404 0.188416 -0.497323 -0.12099 0.0695152 0.0391445 0.31194 -0.173869 0.243413 -0.146553 -0.12759 0.163272 0.0900658 0.231573 0.0355187 0.0480267 -0.6882 -0.113793 0.533645 0.608775 0.425246 -0.588638 -0.509912 -0.0254228 -0.394883 0.690313 
0.0088183 -0.0589966 -0.216963 -0.265819 -0.0190406 0.0491167 0.398207 -0.20395 0.214419 -0.00259717 0.597675 0.385075 0.131763 -0.342303 -0.517187 0.614214 0.64999 0.442796 -0.314788 0.249459 -0.334494 0.726316 0.129249 -0.102578 0.59647 -0.364894 0.380997 0.0437159 0.160207 -0.487718 -0.354529 0.0877987 0.0949666 -0.320744 0.128473 -0.172278 
-0.292317 -0.19268 -0.286271 0.0194862 0.0464315 0.117044 -0.0576819 -0.0199626 -0.13743 0.387352 0.0144228 -0.339844 0.0129272 -0.0838177 -0.060394 -0.310141 -0.516557 -0.198826 -0.183496 0.318832 0.314074 -0.0224438 -0.183207 0.399228 -0.504913 -0.032726 0.103577 -0.0585084 -0.324407 -0.388408 -0.418584 0.210791 0.220655 -0.525826 0.306628 0.0639333 
0.0174347 -0.293945 -0.47355 -0.166442 -0.247221 0.391845 -0.173439 -0.119529 -0.156189 0.443565 0.564212 0.348118 -0.256643 0.336788 0.249143 0.451053 -0.104175 -0.236223 -0.158663 -0.291694 -0.0969663 0.256873 0.123446 -0.0288649 0.00681735 0.031656 0.129281 0.20111 0.540739 0.406994 -0.586248 -0.051638 0.0971145 0.185232 -0.095909 0.107523 
0.218524 -0.113671 0.630469 -0.254088 -0.0447393 -0.440855 -0.511781 -0.27533 -0.247932 0.079021 0.302438 0.305281 -0.411533 -0.304923 0.180677 0.0146184 0.113382 0.00419163 0.242549 0.316181 -0.0232168 -0.00538185 -0.181624 0.131705 -0.124859 -0.054396 -0.0780541 0.0360281 0.170407 0.44883 -0.39033 0.453307 0.0389637 0.408076 -0.0197019 0.315455 
0.0398933 -0.17668 -0.628773 0.3876 0.0762529 0.0505084 -0.571638 -0.052031 -0.244819 -0.186802 -0.237255 0.152689 -0.608034 -0.195367 -0.178209 -0.0246881 0.430991 0.306262 0.369652 0.118183 -0.416536 -0.275188 0.106924 0.0687351 0.316477 -0.256088 -0.220301 0.248178 -0.00749047 -0.429863 0.164568 -0.000250468 -0.30306 0.229825 0.245153 0.238574 
-0.274431 0.0175276 0.0148755 -0.413154 -0.0498494 0.623206 -0.132233 -0.136003 0.541015 -0.360705 -0.350731 0.405143 -0.0673038 0.192916 0.593704 -0.130001 -0.279794 0.0278139 0.175263 -0.0334218 0.118671 0.147408 -0.0708098 0.194433 -0.0306045 -0.24975 0.0300221 0.0870972 0.0541871 -0.0294794 -0.0618862 0.266651 0.831453 -0.308669 -0.0133477 0.0571423 
-0.00651394 0.245075 0.0500379 -0.306728 -0.349251 0.425765 0.232084 0.418468 -0.692185 -0.271005 0.110798 -0.034766 -0.111003 -0.125273 -0.340685 -0.2115 -0.201086 0.0655929 0.0955051 0.129252 0.0419581 0.29267 -0.473397 -0.18134 0.467737 0.561329 -0.145878 -0.450486 0.0948672 0.288501 0.103195 -0.336198 -0.411369 -0.360079 0.196609 0.601298 
0.558327 -0.255327 -0.0932155 0.260056 -0.467751 0.60864 0.331112 -0.324838 -0.642093 -0.268167 0.0699909 -0.286005 0.32718 -0.298121 0.079207 -0.0578087 0.162539 0.307908 -0.416751 0.0593812 -0.176784 -0.276314 -0.269758 0.0643743 0.135171 0.194166 0.0690423 0.335768 0.58616 -0.357398 -0.226438 -0.407717 -0.0978568 0.459179 -0.514489 -0.255052 
-0.157341 -0.0167311 -0.220216 0.335807 0.334528 -0.330372 0.138155 0.0855862 -0.179178 0.0729636 -0.378339 -0.0494446 0.0563126 -0.372171 -0.213151 -0.236246 0.201113 -0.168103 -0.34412 0.543958 -0.344427 -0.539226 -0.175677 0.0865661 -0.199581 -0.114109 0.218044 -0.434178 0.236978 -0.0546119 0.0409364 -0.093433 0.582412 -0.624342 0.384173 -0.458918 
-0.074889 0.522141 0.256577 0.452396 -0.257836 -0.235925 0.232945 0.158802 -0.548037 0.628701 -0.0662874 -0.0903552 -0.488597 0.630878 -0.305593 0.0381427 0.0208034 -0.0120536 0.15663 -0.337241 0.179248 -0.0439071 -0.0828275 -0.441568 0.223107 0.136225 0.326291 -0.401865 0.283192 -0.369501 -0.357623 0.190641 -0.453368 -0.651297 0.324005 -0.607596 
-0.277963 0.164272 -0.439307 0.208543 -0.449683 0.044302 0.185121 0.0565702 0.114999 0.494074 -0.466033 0.131472 0.482959 0.32361 0.238489 0.0585976 0.225599 -0.244041 0.112728 -0.0524632 -0.0237311 -0.477709 0.346107 0.418526 -0.27022 -0.240501 0.329159 -0.224806 -0.125901 0.28301 -0.00545288 -0.0960172 0.057001 0.0600555 0.237813 0.3205 
0.215788 -0.273917 0.37171 -0.171986 -0.184779 -0.0106889 0.345703 0.0187094 -0.463661 0.102991 0.00770559 0.481924 -0.610501 0.230665 0.292384 -0.0367997 -0.372231 -0.090134 0.22082 0.275592 -0.469345 -0.241736 0.467468 0.479836 0.00454581 0.0587541 -0.0236153 -0.192078 -0.651972 0.568985 -0.2235 -0.0907027 0.0592376 -0.0521305 -0.00589338 -0.191156 
-0.155635 0.0704693 -0.0221772 0.159645 0.280476 0.764911 0.542289 -0.182903 0.391765 -0.280393 -0.433597 0.217595 -0.2433 -0.0449118 0.0772841 -0.186983 -0.518644 0.146321 0.233976 -0.069546 0.490051 0.224639 -0.218395 0.379662 -0.0202586 -0.239068 0.238123 0.247863 0.0921984 -0.39098 0.292824 0.178861 0.357683 0.476164 -0.0801442 -0.540883 
-0.0396306 0.706589 0.0905545 -0.211097 0.0629139 0.119078 0.0420055 0.395382 0.0805374 0.110871 0.107839 0.526636 -0.0420006 0.0236186 0.0665006 0.171637 -0.178198 0.175167 0.0601695 -0.0548399 0.00622505 0.146292 -0.0299996 -0.118254 -0.595712 -0.173291 -0.0129758 -0.536336 0.00563446 0.097991 -0.394606 -0.354355 -0.467518 0.109642 0.439853 0.57442 
-0.770129 0.286095 -0.442107 -0.0139486 0.314526 -0.0884684 0.0294055 0.0236865 -0.422245 0.644103 -0.145218 -0.0799114 0.0109062 -0.109938 -0.451554 -0.186422 0.386883 0.230066 -0.370699 0.114735 0.216155 -0.127935 0.106519 -0.492819 -0.294246 -0.644034 -0.43405 0.212431 -0.269871 0.265549 -0.20657 -0.0929626 -0.373922 0.0564575 0.511701 0.0681768 
-0.0603738 -0.394203 -0.3244 0.227455 -0.54371 -0.0323084 0.116992 0.0417893 -0.00226862 0.221485 0.403781 -0.30386 -0.466141 0.0809869 -0.630839 0.14402 -0.0105723 0.0818511 -0.060084 -0.607815 0.399642 -0.437023 -0.00330164 -0.0983009 0.22596 -0.572565 -0.660425 0.11075 -0.295393 -0.0565427 0.0913837 0.277691 0.158123 -0.271425 -0.0841932 -0.342995 
0.136699 0.200421 -0.409691 -0.23833 0.508706 -0.295598 0.235139 -0.197851 -0.141386 -0.312847 -0.067857 -0.199587 0.0170857 -0.0472768 -0.0796853 -0.0394948 -0.470153 0.494433 0.12226 0.719295 0.142426 0.019887 0.0814189 0.470423 0.0443425 -0.0153664 -0.315037 -0.344564 -0.438207 -0.491051 -0.30517 0.338226 0.0181957 0.110962 0.477428 -0.0511483 
0.242922 0.262907 0.108921 0.443747 -0.0561956 -0.177782 -0.0541955 -0.365891 -0.17594 0.0210554 0.488843 -0.0800897 0.247542 -0.173834 0.082004 0.205041 0.234881 -0.139864 -0.233352 0.248733 -0.0412034 0.427145 -0.0222469 0.20171 -0.00180958 -0.232643 -0.223837 0.171099 0.276207 0.303667 -0.389132 -0.421355 -0.267191 -0.152426 -0.0433676 0.587558 
-0.276464 -0.00976433 0.441039 -0.29019 0.023085 -0.184744 0.314674 0.428142 0.250623 0.0401274 0.00435053 0.101342 -0.467414 -0.256336 0.105793 0.0702069 -0.324687 -0.242109 -0.15603 -0.281714 -0.23975 -0.116773 -0.00815987 -0.0627456 -0.158074 -0.0132127 0.171125 0.0931763 0.574385 -0.274977 0.337882 0.487525 0.156584 0.390535 -0.110582 0.227142 
-0.613483 -0.184854 0.402814 -0.0829162 0.0927046 -0.476851 0.326931 0.11141 -0.304129 -0.283489 0.17106 -0.296378 0.242383 -0.694736 -0.317152 0.0578918 -0.455629 -0.194975 0.146314 0.200864 0.354028 0.510333 0.270569 -0.0167475 0.179725 0.0562369 0.492325 -0.0791823 0.102259 -0.0390115 0.0726852 0.316746 0.687107 -0.254222 0.0692101 0.31794 
-0.629698 0.274429 -0.262153 0.218331 0.281193 0.28907 0.387358 0.287762 -0.644172 -0.139454 -0.466614 -0.453665 -0.777654 -0.580025 -0.761741 -0.0129553 -0.0108972 0.216128 0.419316 0.177628 0.539651 0.454968 -0.0749637 0.422061 0.312983 -0.0292097 0.0296559 0.545491 0.253331 0.0927967 0.285593 0.0405951 0.682376 0.462823 0.618783 0.447427 
0.390105 0.465253 -0.144901 -0.312378 0.155379 0.101795 -0.133448 -0.0998408 0.0479542 -0.677728 0.0181363 -0.0816824 0.105711 0.227639 -0.452609 0.210742 -0.33062 -0.311793 -0.024677 -0.288573 -0.0697075 0.105861 0.0535563 0.262187 -0.542352 0.620461 0.513731 0.23526 0.072331 0.0526369 0.475661 0.0770131 0.204094 -0.343115 0.358044 -0.663966 
-0.424322 -0.473651 -0.184614 0.162934 0.268639 -0.755064 0.385404 0.511327 0.124242 0.263469 -0.452539 -0.126676 0.392594 -0.1791 0.0767585 0.237415 -0.264138 -0.0634324 0.10651 0.0582048 0.0510438 -0.604974 0.310448 0.0406268 -0.175322 0.00193496 -0.0928021 0.0671557 -0.029378 -0.129781 0.0443629 0.325684 0.0430972 -0.422317 -0.741001 0.582927 
0.0288701 -0.0785265 -0.0879186 0.211221 0.278923 -0.00327622 -0.264056 -0.178291 0.172149 -0.195358 0.0520464 -0.743018 -0.275535 0.0484279 -0.0266152 -0.665919 0.424824 -0.192567 0.565616 0.173348 0.768619 -0.179447 0.18131 -0.405314 0.219133 -0.548277 0.22306 -0.0979022 0.0384486 0.40565 -0.127875 -0.226524 -0.135163 0.0845354 0.545273 -0.266935 
-0.08381 0.202015 -0.544454 -0.543152 -0.171113 0.285396 -0.396768 -0.427579 0.0585456 -0.172717 -0.263578 0.123831 -0.461484 0.302727 -0.199593 0.248252 -0.315622 -0.0761746 0.00665665 0.136129 0.0928881 0.434461 -0.139225 -0.572305 0.401771 0.433463 0.112968 -0.239582 0.554896 0.275821 0.116872 -0.125783 -0.0604352 -0.47362 -0.155349 0.476481 
-0.273949 0.341112 -0.0139361 -0.0335022 -0.0598209 0.316679 0.0899263 -0.225983 -0.494295 0.0619008 -0.228778 -0.420627 -0.634087 0.230557 -0.0474417 -0.0585815 0.101609 0.596003 0.567471 -0.389047 -0.0999611 0.57413 0.464081 0.0580719 0.337976 0.305799 0.531168 0.384641 0.0275204 0.347014 0.438864 -0.025816 -0.0319668 -0.424002 0.217785 -0.58175 
0.147833 -0.16559 -0.191958 0.226199 0.176488 -0.192615 -0.0468681 0.000739009 -0.184753 -0.150111 -0.249889 -0.0371551 -0.0906906 -0.106485 -0.245559 -0.0872952 -0.234395 0.157305 0.163592 0.228491 0.203875 0.0682865 0.362901 0.200238 -0.0124295 -0.230017 -0.0383723 -0.497213 0.0485744 -0.318243 -0.199806 -0.123831 -0.586683 0.325049 0.584931 0.022813 
0.362678 -0.109725 -0.480103 -0.085603 0.0738882 0.239639 -0.541708 0.265548 0.119616 -0.154417 -0.569544 -0.112271 0.247496 -0.0591707 0.059164 0.177027 0.130581 -0.0982417 0.333413 0.0881285 -0.103956 -0.278835 0.316491 0.149654 0.333297 0.427885 -0.233719 -0.24655 0.39144 -0.434906 0.000787743 -0.0642409 0.108939 -0.377087 0.610317 -0.517402 
-0.0354891 0.19023 -0.424052 -0.0203681 0.0246738 0.271034 0.407195 0.260225 0.0239108 -0.373611 0.598146 -0.260047 0.60567 0.0890014 0.135945 0.0792197 0.448107 0.697341 0.237003 -0.0591391 -0.0274573 0.0461247 0.0311135 -0.800837 -0.493283 -0.11512 0.0232 0.202562 -0.114226 0.47055 0.109903 0.208564 -0.220376 0.360825 0.0173741 -0.0152518 
-0.0456333 0.0268831 0.187204 0.261188 0.507164 -0.244494 -0.555941 -0.0889706 -0.564503 0.508456 0.194943 -0.252829 0.321124 0.215692 0.400792 -0.081553 0.0764604 0.0573029 0.226661 -0.146558 -0.0918719 0.419247 -0.0756305 0.373935 -0.17996 0.0614117 0.21911 0.00434901 -0.236478 -0.0424333 0.0360601 0.0962593 -0.513855 0.245625 0.291968 -0.180147 
0.584873 -0.183295 0.142671 0.208446 -0.0446922 0.0132745 0.504868 0.338113 -0.172697 -0.0256186 -0.124993 0.0380902 -0.470955 -0.0940652 0.478686 -0.432476 -0.53692 0.486014 0.460518 0.316458 -0.160102 0.127564 -0.160672 -0.217824 -0.0686604 -0.323024 -0.629698 -0.155884 0.022112 -0.0921763 0.145011 0.329152 -0.120218 0.472545 -0.335759 0.0501702 
0.146254 -0.397027 -0.215616 -0.127544 -0.0696508 -0.0967444 -0.0261707 -0.0545669 0.308116 -0.0739578 0.265392 -0.0640696 0.146408 -0.106643 -0.519503 -0.089918 0.186105 0.494702 0.322132 0.214142 0.157326 -0.230283 -0.100365 0.0670796 -0.012737 -0.358711 -0.469915 0.290905 -0.616732 0.115711 -0.206368 0.662043 0.172443 -0.0845695 -0.108275 -0.111131 
-0.305418 -0.14915 -0.483974 -0.0661335 -0.320986 -0.268454 0.606651 -0.158546 0.37137 0.202848 -0.49994 0.177894 -0.0841819 0.07203 -0.00934836 0.100217 0.144836 -0.00763289 0.138106 -0.27791 0.364575 -0.0442167 0.383522 0.0155613 -0.293312 0.143253 0.0371422 0.401681 -0.413776 0.0278456 -0.0791252 0.110742 0.595784 -0.536017 -0.537946 0.111577 
-0.192308 0.333448 -0.0867902 0.36863 0.204849 -0.118667 0.0806194 0.58785 0.0778855 0.0269801 -0.0982303 -0.0883075 -0.254905 0.0247054 -0.126409 0.0155177 0.52853 -0.0924938 -0.206128 -0.0904093 0.556909 0.578146 0.225135 -0.121421 0.497799 0.126167 0.0422445 -0.152507 0.0990569 0.537057 -0.151628 0.340348 -0.119611 -0.0302815 -0.0925022 -0.289495 
-0.293637 0.37711 0.616119 -0.281317 -0.0650775 -0.0486644 0.117425 -0.165231 -0.342586 -0.191412 0.272652 0.627036 0.108584 -0.355982 0.326499 -0.0662644 -0.225487 -0.0846504 -0.342288 0.0583941 -0.703621 0.0637354 -0.250519 0.160393 0.0940947 0.0964031 -0.192373 0.466745 -0.314555 0.13685 0.0852863 -0.499175 -0.0865292 -0.0319931 0.340684 0.360777 
-0.45766 0.0958211 -0.359699 -0.342877 0.180215 -0.342394 0.00928217 -0.0305787 -0.00372992 0.643078 0.128577 0.379835 0.067668 0.325865 -0.2184 -0.360814 -0.081509 -0.23482 -0.113204 -0.597205 -0.223852 0.588606 0.218936 -0.161353 0.752794 0.112744 -0.339825 -0.201449 0.287634 0.226492 -0.201099 0.282926 -0.184703 -0.320555 0.145451 0.0316502 
0.154056 0.085026 0.659377 -0.121178 0.478612 0.224031 0.159981 -0.639153 0.295172 0.0568094 0.510848 0.384609 0.558236 0.710876 -0.276005 -0.265589 0.0662829 0.128832 0.232485 -0.217524 -0.304839 -0.142413 0.672089 0.000826851 0.21419 -0.445914 0.107261 0.0171227 0.238993 0.065326 0.208757 0.282443 -0.745663 0.225199 -0.057281 -0.323618 
-0.394883 0.485589 -0.35937 0.462525 -0.137152 -0.209749 0.51978 -0.414273 -0.784212 -0.0305241 -0.302349 -0.205539 0.231909 -0.324194 -0.0220429 -0.0315306 0.41471 0.213751 -0.54683 0.305917 0.167608 0.314064 -0.105915 0.494519 -0.097045 0.291759 0.132617 -0.00880798 0.183595 -0.305726 -0.242305 -0.295637 0.375826 0.00495858 -0.251773 -0.595072 
-0.482135 0.293939 0.165867 -0.230122 0.274455 0.557451 -0.506818 0.107949 0.120795 -0.355262 -0.135781 -0.555837 -0.157703 0.592992 0.259088 -0.0622963 -0.15164 0.238509 -0.108765 -0.035713 -0.00158243 -0.0617657 0.0630534 0.031447 -0.075756 0.2168 0.0419854 -0.412299 0.398954 0.164027 0.103216 -0.50375 -0.501086 -0.59907 0.0396843 0.239607 
0.152148 0.046582 -0.0187635 0.1492 -0.240517 0.0947243 0.296693 0.113701 -0.254505 0.108951 -0.0234621 0.0451172 -0.217168 0.407352 0.227442 0.227945 -0.0846148 -0.0893665 0.172444 -0.0483326 -0.147578 0.4181 0.195714 0.33532 0.344691 0.125837 -0.115014 -0.0191756 0.560852 -0.176666 0.447906 -0.226952 -0.402974 0.115552 0.205193 0.495855 
-0.0622458 0.0156759 -0.271009 0.0277118 0.00539562 0.129724 -0.0506901 0.734253 -0.244383 0.076219 -0.422288 -0.673178 -0.532498 0.135364 -0.0666246 -0.204303 0.655141 0.274014 0.303856 -0.0218569 0.22618 0.383669 0.176964 0.21426 -0.515845 0.00818106 0.42231 0.571107 -0.496026 0.172142 0.125751 -0.0379564 0.20653 -0.484274 0.163758 0.191905 
0.217887 0.500622 0.425311 -0.328553 -0.487969 0.346297 0.463461 -0.00451611 -0.222048 -0.505968 0.0145863 0.284068 0.233471 -0.0770172 -0.529456 0.468128 0.149934 -0.00292827 0.171159 -0.176458 -0.0966528 0.0355396 -0.395991 -0.207281 0.385094 0.325858 0.444225 -0.726354 -0.673596 0.205233 -0.347959 -0.586639 -0.222148 0.22569 -0.505772 -0.0473527 
0.00737662 0.0216883 0.402042 0.381489 0.00402923 -0.0305039 -0.345312 0.279417 -0.0151929 -0.0327419 0.28808 0.0447003 -0.0740791 -0.461173 0.304693 0.102573 0.474101 -0.288804 0.233283 0.0499304 -0.330977 -0.0150246 -0.140407 0.00598194 -0.205576 -0.0891687 -0.41033 0.192645 0.127368 0.0391637 0.0195728 -0.00305201 -0.078081 -0.179957 -0.207528 -0.271612 
0.108637 -0.00974097 -0.45668 -0.0215845 0.072088 -0.390381 -0.00779653 0.158537 0.159857 -0.209558 0.0149167 0.448197 -0.004753 -0.0592173 -0.379281 0.0627268 0.0938872 -0.287166 -0.394692 0.13972 0.059966 -0.356899 -0.138079 0.463389 -0.035113 -0.357296 -0.115187 -0.0727896 -0.0157113 -0.176664 0.0406197 -0.183541 0.301529 0.461638 -0.404623 -0.00262795 
0.288606 0.418164 0.11194 -0.0765772 0.0923097 0.377252 0.0926056 0.217236 -0.370224 -0.0263005 0.538739 0.04927 0.134428 0.0849726 -0.357318 0.543005 -0.294692 -0.111391 0.408828 -0.00529802 0.482019 0.311133 -0.509021 0.0201667 -0.318758 0.176245 -0.172564 -0.265849 -0.376917 -0.149409 -0.359229 0.239659 -0.0724914 0.118078 0.0805897 -0.0950428 
0.22406 -0.183376 -0.900626 0.252975 0.133806 0.273971 0.709571 -0.732654 -0.212193 -0.374547 0.363879 -0.414069 0.535719 -0.142938 -0.253326 0.233909 -0.50454 0.025728 0.28605 -0.232439 -0.0326836 -0.0951586 -0.19579 -0.130191 -0.615766 0.606127 -0.0373416 0.244135 0.116001 -0.199402 -0.582863 0.192941 0.221418 -0.2158 -0.371654 -0.486381 
0.0101853 0.29774 -0.563754 0.366818 0.219872 0.462818 0.101956 0.102532 0.0633996 0.00412485 0.102234 -0.341655 0.323239 0.567889 0.611023 0.121475 0.0201984 -0.440698 -0.237449 0.0387273 -0.218837 -0.306897 -0.341882 -0.498562 0.0335595 -0.275137 -0.120866 0.543732 0.214512 -0.0122483 -0.0354151 0.174615 -0.395663 0.0350767 0.623475 0.0663134 
0.176585 -0.54769 0.649579 -0.137627 -0.00192694 0.017022 -0.535401 0.294949 -0.319679 -0.256506 0.0949955 0.105363 0.367717 0.0543674 0.449516 -0.373546 -0.108022 0.219726 -0.478483 0.0215609 -0.420785 -0.177736 -0.190552 0.0665631 -0.526295 -0.13147 -0.778625 0.539442 0.339598 0.22321 -0.613112 -0.137782 0.14028 0.14613 0.154792 -0.220457 
0.26797 0.695117 -0.405235 0.041288 0.133922 0.108278 0.564048 -0.439201 -0.0416753 -0.383054 -0.319639 -0.233302 0.401235 0.0662488 -0.266058 -0.326433 0.249168 0.422754 0.0557029 0.655408 -0.178358 0.502293 0.1182 -0.120248 0.0560498 0.455026 0.0338845 0.0486371 -0.0953617 0.213745 -0.208394 0.642784 -0.194763 0.0604589 -0.171867 -0.182232 
0.654585 0.181669 -0.529955 -0.231314 -0.409539 0.0162973 0.109089 0.183043 0.0956974 -0.397672 0.304828 -0.668205 0.0209774 -0.113054 0.0466922 -0.4266 -0.0721878 -0.20181 0.133403 0.0672609 0.10766 0.144348 0.17836 0.273187 -0.408763 0.287904 0.223121 -0.134855 -0.350012 -0.190462 -0.191576 0.0082753 -0.321248 -0.0674841 -0.0778284 -0.626256 
0.106788 -0.159547 0.0310833 0.254318 0.305019 0.254637 0.401139 -0.443932 -0.159972 -0.164092 -0.42405 0.0872706 -0.21445 0.35362 0.0807115 -0.244617 -0.450321 -0.390642 -0.0576597 -0.34784 0.217295 0.334818 0.505628 0.299926 0.0952654 0.115257 -0.110602 -0.105027 0.151618 0.0486604 0.469129 0.0988826 -0.371334 -0.131459 -0.73729 0.11772 
-0.443114 0.126742 0.00461832 -0.333131 -0.206098 -0.216316 0.47301 -0.235122 -0.435947 -0.352712 0.216424 -0.185071 -0.123853 0.0193794 -0.118372 0.653655 0.104307 -0.227691 0.0307537 0.0458093 -0.0342552 -0.310429 0.0893901 -0.0402184 0.01507 -0.233202 -0.193314 -0.429658 0.0250878 -0.16555 0.107578 -0.839624 -0.199134 -0.41691 0.516397 0.0478224 
0.315329 0.133715 -0.191892 -0.198392 0.335318 -0.404735 0.0386998 0.135219 -0.010387 -0.249988 -0.478339 0.0149055 -0.591319 -0.0901982 0.106686 0.37718 0.515226 -0.0253345 0.353775 0.175618 0.349139 0.288096 -0.306073 -0.147759 0.163362 0.0371709 0.0567796 0.557395 0.333085 -0.0567725 0.0227045 0.703443 -0.314793 -0.0392964 -0.0177391 -0.0470788 
-0.211792 0.0362339 -0.318955 0.00136625 0.380142 0.0167813 -0.264117 0.110344 -0.11888 0.430356 0.414694 -0.0851745 -0.185184 0.221812 -0.359487 -0.712546 -0.193604 -0.0656798 0.224875 -0.45683 -0.340324 0.066665 -0.0825462 -0.539207 0.545796 -0.0360152 -0.0742984 0.248856 -0.0188844 0.0282227 0.0929852 0.314342 0.57171 0.0160947 0.427099 0.472511 
-0.290132 0.273599 -0.249971 -0.12444 0.21707 -0.520715 0.353575 0.278764 -0.110803 0.0081372 -0.00833074 -0.445208 0.654899 -0.333013 0.10801 -0.49397 -0.20112 -0.22237 -0.147496 -0.197184 -0.164784 -0.145375 -0.283123 0.406166 -0.263535 0.0166347 0.112654 0.322392 0.0442311 0.104942 -0.532613 0.29972 -0.0998068 -0.545841 -0.139663 -0.261915 
-0.133594 0.33121 -0.00853082 0.249785 0.540707 0.0222095 0.230431 -0.351 0.0528032 -0.427294 -0.353736 -0.101583 0.275544 -0.308521 -0.132684 0.350409 -0.186173 0.59306 0.0328783 0.332757 -0.242881 -0.0338891 0.16639 -0.230588 0.484838 0.290857 0.0897366 0.0416953 0.546621 -0.398172 0.0258887 0.177395 -0.582348 0.252011 -0.0525578 0.0459501 
-0.0709151 -0.297166 0.0577344 -0.105896 -0.65752 -0.287774 0.551622 -0.16793 -0.15724 -0.206257 -0.114743 -0.0200077 -0.28407 -0.155965 -0.199027 -0.033468 0.187641 -0.373735 0.490074 -0.202612 -0.472037 -0.209059 0.104652 0.505423 -0.244659 -0.424681 0.0544993 -0.334496 0.235108 -0.0686892 -0.0899651 -0.487566 0.375428 -0.340296 -0.273796 0.0519884 
-0.11965 0.0540247 0.0845817 -0.186722 0.626939 0.312443 0.31645 -0.429772 0.166996 -0.528445 -0.167045 -0.223255 -0.284331 0.451392 -0.250092 -0.126613 0.0417916 0.239597 -0.453578 0.465079 -0.368253 0.272637 0.0893196 0.664489 -0.272089 0.172677 -0.542169 0.238579 0.233489 0.368835 0.115393 -0.0928688 -0.399547 -0.246127 0.150844 -0.713534 
-0.0681222 -0.0245676 -0.215822 -0.265354 0.403252 -0.258678 0.0289285 -0.0927444 0.0975053 0.0884401 -0.433869 -0.0530322 0.315154 0.19198 0.517628 0.15929 -0.318224 -0.355122 -0.483962 0.123204 0.121866 -0.228475 -0.12873 -0.594887 -0.251843 -0.0860286 -0.237442 0.313992 0.0204021 0.180804 -0.25732 -0.326233 -0.463893 0.277008 0.351374 0.12569 
0.628812 -0.0990464 -0.269874 0.11971 -0.556409 0.101438 -0.356599 0.528729 -0.14603 -0.375569 0.629202 0.0861264 -0.0990879 -0.654911 0.152637 0.235436 0.0952456 -0.151819 -0.103392 0.158328 0.355305 -0.0233855 0.232984 0.0915773 0.108664 -0.092964 0.405151 -0.0329676 -0.312606 0.226425 0.221318 -0.132112 -0.323503 0.0570851 0.256171 0.0969622 
-0.356766 0.025731 -0.0799868 -0.190196 0.310185 -0.0520755 -0.162924 0.534403 -0.137275 -0.212529 -0.137991 0.0604416 -0.457681 -0.471158 -0.152967 -0.572443 -0.372662 0.336545 0.40965 -0.164285 0.16887 -0.0471986 -0.428334 -0.385914 0.106367 0.0889448 -0.209888 0.343222 0.699663 -0.0449649 0.136184 -0.292293 0.175818 0.36694 0.0570514 0.0636106 
0.282705 0.265394 -0.040553 0.0852602 0.113038 0.0388141 0.228535 -0.00391409 -0.282303 -0.388551 -0.249363 -0.0615264 0.216478 0.034757 0.0971158 0.452195 0.602637 0.320853 -0.221428 -0.0361025 -0.147226 0.113963 0.462048 0.0870173 0.0511169 -0.0616533 -0.299999 -0.0230283 -0.645193 -0.384728 0.115457 0.475325 0.298039 -0.0268263 0.317471 0.113896 
-0.35951 0.0333067 0.0812448 0.000997263 0.0819359 0.101731 -0.36562 0.0903642 0.352415 0.237033 -0.147062 0.246987 -0.616782 -0.315173 0.282687 0.140835 0.336921 0.140276 -0.233332 -0.337423 0.0440794 0.162651 0.0881453 -0.518952 -0.159586 -0.369932 -0.132278 -0.119564 0.269816 0.184227 -0.260726 -0.561536 0.158202 0.460474 -0.175883 0.181799 
0.109662 0.188524 -0.522877 -0.500131 -0.440928 0.689824 0.63443 0.393718 -0.663836 0.0533788 -0.195776 0.0340525 -0.0878682 0.460705 0.342888 -0.533411 -0.33648 -0.600832 -0.0526457 0.0403147 -0.435536 0.685324 0.596679 -0.208338 -0.286137 0.0273474 0.767689 -0.199564 -0.559303 0.053323 -0.142423 -0.666602 -0.0259791 0.255786 0.704068 0.219421 
0.178638 0.0282563 0.379517 0.267954 -0.75444 -0.1336 -0.0588654 -0.427423 -0.0168222 0.150394 -0.42075 -0.4681 0.0516053 -0.111516 -0.137097 0.458123 -0.315492 0.025458 0.487638 -0.0676882 -0.147438 -0.294742 -0.363819 -0.031239 -0.140834 -0.402818 -0.300448 0.339143 -0.147417 -0.507384 -0.101896 0.319726 0.540505 -0.0115901 -0.576761 -0.0159951 
0.0520257 0.24633 -0.132575 -0.188212 -0.12118 -0.218088 0.0528522 -0.51101 -0.248357 -0.0522033 -0.365818 0.441473 -0.120347 -0.543618 0.348186 0.139643 -0.638182 0.105488 -0.291548 0.364397 -0.338436 0.214362 0.143153 -0.742047 -0.269411 -0.000710973 -0.30521 0.0584481 -0.299037 -0.0195092 -0.262851 0.205893 -0.211057 0.154788 0.417677 -0.483275 
0.418047 -0.037307 -0.282481 0.30152 -0.0768934 -0.434371 -0.057251 0.10707 -0.282336 0.00330272 -0.48974 -0.328469 0.0756049 -0.0304303 0.303574 0.285443 0.307085 0.672012 -0.345997 -0.278103 -0.197836 -0.140479 0.376352 -0.28808 -0.0691086 -0.355174 0.291784 -0.558729 -0.22173 0.0445906 -0.085944 -0.220011 -0.372586 0.3118 -0.0965218 -0.00124696 
0.440642 0.207425 -0.216521 -0.0549734 -0.38444 0.715361 0.2902 0.220865 0.582931 -0.313523 0.161542 0.0839177 0.0938204 0.475215 0.410935 -0.198707 0.197328 -0.409263 -0.130629 0.522816 0.548712 0.125905 0.453558 -0.131467 -0.575318 -0.455274 -0.0164084 -0.224254 0.218973 0.529947 -0.256474 -0.352152 -0.43765 -0.285861 -0.255733 0.818908 
-0.145557 -0.178273 0.430152 -0.166681 0.660885 0.319626 0.337735 0.127459 0.0532785 -0.108667 0.127126 -0.480317 -0.38787 -0.411068 -0.245099 0.0923033 0.0693544 0.212831 -0.737503 -0.312713 0.251758 -0.425625 0.289711 -0.0265513 0.0391577 -0.319537 -0.367952 0.220005 -0.202054 0.109058 -0.161823 0.414986 0.139855 0.318206 0.0683182 -0.222972 
0.0398133 -0.586566 0.266433 -0.507845 0.125057 -0.212917 0.343818 -0.433863 -0.085143 -0.483981 -0.557311 0.332284 0.286122 0.267175 -0.637374 -0.551629 0.254069 -0.272275 0.078089 -0.25343 0.442663 0.0401323 -0.456671 -0.292584 0.248104 -0.0371721 -0.146778 -0.362684 -0.4663 0.729004 0.414364 0.133471 -0.121624 0.00580123 0.0275776 -0.139511 
-0.437939 -0.457241 -0.531792 0.667906 -0.509276 -0.124208 -0.136453 0.161356 0.396501 0.156101 -0.162766 0.218141 0.548385 0.438932 -0.306485 0.378521 -0.418552 -0.195626 0.192851 0.0432005 -0.305183 -0.756742 -0.0697923 -0.294455 -0.294988 -0.456782 -0.143185 0.358271 0.384269 0.199562 0.0567275 0.266196 0.167059 0.531182 0.035703 0.21021 
-0.512621 0.136405 0.547639 0.291437 -0.274518 0.515154 -0.0742284 -0.0755324 -0.161011 -0.342814 0.113535 0.246947 -0.301736 0.172253 0.208061 0.073117 -0.208414 0.564232 0.302628 0.193336 -0.595074 0.544102 -0.446304 -0.214243 -0.350171 0.00704583 -0.157347 -0.0699999 0.154661 0.00516869 0.424551 0.558859 -0.603743 0.437639 -0.377987 -0.368964 
-0.127615 -0.445267 0.2853 -0.39318 -0.488088 -0.0293088 0.456327 -0.136226 -0.334521 -0.441314 0.23216 0.488989 0.254977 -0.139693 0.369149 -0.101447 -0.314686 0.173582 -0.242563 -0.0163606 -0.259482 0.0479424 -0.617454 0.346535 -0.41364 -0.62645 -0.00628077 0.565852 -0.237168 0.26826 -0.112949 0.0492488 0.413323 -0.35442 0.0171821 0.249855 
