-0.0684829 0.211434 -0.334647 -0.17417 -0.0739853 -0.0318793 -0.335292 0.142691 0.185177 -0.0519934 0.233504 0.272192 -0.491085 -0.231089 0.0816045 -0.0416784 -0.410557 -0.251572 -0.165258 -0.462519 0.340415 0.0499466 0.523407 0.323122 0.223485 -0.471255 0.386045 0.236416 -0.146674 -0.0974228 0.30529 -0.037201 -0.513769 0.0167848 -0.602203 -0.00412091 
-0.0684829 0.211434 -0.334647 -0.17417 -0.0739853 -0.0318793 -0.335292 0.142691 0.185177 -0.0519934 0.233504 0.272192 -0.491085 -0.231089 0.0816045 -0.0416784 -0.410557 -0.251572 -0.165258 -0.462519 0.340415 0.0499466 0.523407 0.323122 0.223485 -0.471255 0.386045 0.236416 -0.146674 -0.0974228 0.30529 -0.037201 -0.513769 0.0167848 -0.602203 -0.00412091 
-0.0684829 0.211434 -0.334647 -0.17417 -0.0739853 -0.0318793 -0.335292 0.142691 0.185177 -0.0519934 0.233504 0.272192 -0.491085 -0.231089 0.0816045 -0.0416784 -0.410557 -0.251572 -0.165258 -0.462519 0.340415 0.0499466 0.523407 0.323122 0.223485 -0.471255 0.386045 0.236416 -0.146674 -0.0974228 0.30529 -0.037201 -0.513769 0.0167848 -0.602203 -0.00412091 
0.565712 -0.0131485 0.082361 0.28638 0.117581 -0.126605 0.0871555 -0.565035 -0.0475935 -0.325699 0.149819 0.233899 -0.225896 -0.0931272 -0.212808 0.0439393 0.0940976 0.143431 -0.160769 0.604174 -0.465792 0.300534 -0.209068 0.179025 0.199242 -0.0740657 -0.0518831 -0.172938 -0.0557628 -0.4185 0.110888 -0.106126 -0.199261 0.289075 -0.0626459 -0.419981 
0.803412 -0.0658463 -0.0517661 0.475673 0.0405646 0.336752 0.164984 -0.471334 0.189874 -0.266301 0.319848 0.254977 0.0387068 0.173322 -0.589747 0.125196 -0.0865697 0.162208 -0.467458 0.601325 -0.551923 0.218914 -0.166472 -0.0218032 0.512186 -0.112353 -0.103585 -0.147112 -0.112378 -0.40941 0.0438065 -0.213797 -0.265837 0.0357504 0.0652764 -0.400753 
0.803412 -0.0658463 -0.0517661 0.475673 0.0405646 0.336752 0.164984 -0.471334 0.189874 -0.266301 0.319848 0.254977 0.0387068 0.173322 -0.589747 0.125196 -0.0865697 0.162208 -0.467458 0.601325 -0.551923 0.218914 -0.166472 -0.0218032 0.512186 -0.112353 -0.103585 -0.147112 -0.112378 -0.40941 0.0438065 -0.213797 -0.265837 0.0357504 0.0652764 -0.400753 
0.803412 -0.0658463 -0.0517661 0.475673 0.0405646 0.336752 0.164984 -0.471334 0.189874 -0.266301 0.319848 0.254977 0.0387068 0.173322 -0.589747 0.125196 -0.0865697 0.162208 -0.467458 0.601325 -0.551923 0.218914 -0.166472 -0.0218032 0.512186 -0.112353 -0.103585 -0.147112 -0.112378 -0.40941 0.0438065 -0.213797 -0.265837 0.0357504 0.0652764 -0.400753 
0.0897151 0.212877 -0.187602 -0.361719 0.177432 0.211228 -0.330537 -0.279713 -0.306231 0.266642 -0.365207 -0.0582193 0.0464799 0.0699735 -0.179476 -0.20578 0.458968 -0.138264 0.00769498 -0.761319 -0.436475 0.203769 -0.469419 0.591932 -0.0725635 0.21114 -0.344964 -0.0528475 -0.441225 0.200661 -0.166617 0.212687 0.317051 -0.292895 0.111261 0.461237 
-0.0103405 0.439849 -0.556458 -0.0466941 0.00303505 -0.356997 -0.121035 -0.0900374 0.316979 0.0182356 0.131136 0.199617 0.123658 -0.095987 -0.258027 0.0352134 0.32916 -0.285841 -0.263242 -0.496539 -0.48398 0.284967 -0.218381 0.53035 -0.00813086 -0.116827 -0.182703 0.392569 -0.535049 -0.493872 0.0777994 0.369291 0.0994972 -0.158161 -0.00488084 0.0361611 
-0.00740589 0.42114 -0.589765 -0.0325614 0.00196939 -0.372163 -0.103878 -0.0720367 0.308955 0.0132424 0.140021 0.201798 0.09522 -0.106856 -0.306601 0.0206642 0.350948 -0.276025 -0.263563 -0.518503 -0.436907 0.265679 -0.194585 0.518666 -0.00275142 -0.12212 -0.18208 0.412954 -0.527274 -0.46117 0.063351 0.355521 0.112339 -0.189569 0.00185058 -0.0198183 
-0.00740589 0.42114 -0.589765 -0.0325614 0.00196939 -0.372163 -0.103878 -0.0720367 0.308955 0.0132424 0.140021 0.201798 0.09522 -0.106856 -0.306601 0.0206642 0.350948 -0.276025 -0.263563 -0.518503 -0.436907 0.265679 -0.194585 0.518666 -0.00275142 -0.12212 -0.18208 0.412954 -0.527274 -0.46117 0.063351 0.355521 0.112339 -0.189569 0.00185058 -0.0198183 
0.386845 0.0832997 -0.276605 0.126671 0.0818796 -0.105127 -0.028901 -0.150753 0.048912 0.137889 0.314795 -0.0930625 0.291421 -0.576041 0.0826175 -0.00591366 0.313489 -0.329706 0.373437 -0.343668 -0.278017 0.209095 -0.515951 -0.399293 -0.394979 -0.230716 -0.502355 -0.24433 -0.37971 -0.434542 0.17739 0.371903 0.70712 0.0212606 0.399095 0.273207 
0.386845 0.0832997 -0.276605 0.126671 0.0818796 -0.105127 -0.028901 -0.150753 0.048912 0.137889 0.314795 -0.0930625 0.291421 -0.576041 0.0826175 -0.00591366 0.313489 -0.329706 0.373437 -0.343668 -0.278017 0.209095 -0.515951 -0.399293 -0.394979 -0.230716 -0.502355 -0.24433 -0.37971 -0.434542 0.17739 0.371903 0.70712 0.0212606 0.399095 0.273207 
-0.0354337 -0.0691252 -0.364969 0.25185 0.30102 -0.197556 0.0162402 -0.146323 0.610518 0.0557649 0.385009 -0.266324 -0.074823 -0.459789 -0.074528 0.195493 -0.0504719 -0.0811082 0.0366079 -0.457618 0.196736 -0.0312161 -0.56295 0.0345248 -0.119824 -0.248038 -0.0625416 -0.617218 -0.198237 -0.347312 0.313411 0.2627 0.730544 -0.0564561 0.465866 0.114818 
-0.535661 -0.131249 -0.0212084 0.305769 0.23099 0.000905352 0.198591 -0.328438 0.285682 -0.299932 -0.131859 -0.363713 0.234431 -0.175061 0.156769 -0.311753 -0.145249 -0.445886 -0.0478236 0.276947 0.196441 0.365087 -0.0356348 -0.0259811 -0.10552 0.0264408 0.154653 0.277484 0.459255 0.00325013 0.204258 0.0945409 -0.296402 -0.470702 0.2466 -0.422912 
-0.535661 -0.131249 -0.0212084 0.305769 0.23099 0.000905352 0.198591 -0.328438 0.285682 -0.299932 -0.131859 -0.363713 0.234431 -0.175061 0.156769 -0.311753 -0.145249 -0.445886 -0.0478236 0.276947 0.196441 0.365087 -0.0356348 -0.0259811 -0.10552 0.0264408 0.154653 0.277484 0.459255 0.00325013 0.204258 0.0945409 -0.296402 -0.470702 0.2466 -0.422912 
-0.535661 -0.131249 -0.0212084 0.305769 0.23099 0.000905352 0.198591 -0.328438 0.285682 -0.299932 -0.131859 -0.363713 0.234431 -0.175061 0.156769 -0.311753 -0.145249 -0.445886 -0.0478236 0.276947 0.196441 0.365087 -0.0356348 -0.0259811 -0.10552 0.0264408 0.154653 0.277484 0.459255 0.00325013 0.204258 0.0945409 -0.296402 -0.470702 0.2466 -0.422912 
-0.280815 0.1435 -0.243033 0.11856 0.0337233 0.139415 0.604816 -0.450443 0.113254 0.313643 -0.00693217 -0.587801 0.226094 -0.180065 0.320175 -0.436038 0.328869 -0.541312 -0.0378576 0.0405113 0.0524643 0.235728 0.0883311 0.114857 0.0964428 -0.043202 -0.221784 0.091584 0.0317385 -0.0947299 -0.247964 -0.0406621 -0.262211 -0.383396 0.381324 -0.254622 
-0.280815 0.1435 -0.243033 0.11856 0.0337233 0.139415 0.604816 -0.450443 0.113254 0.313643 -0.00693217 -0.587801 0.226094 -0.180065 0.320175 -0.436038 0.328869 -0.541312 -0.0378576 0.0405113 0.0524643 0.235728 0.0883311 0.114857 0.0964428 -0.043202 -0.221784 0.091584 0.0317385 -0.0947299 -0.247964 -0.0406621 -0.262211 -0.383396 0.381324 -0.254622 
-0.200177 0.526242 -0.480914 0.115443 0.392074 -0.523708 -0.104287 0.133214 -0.391303 0.0203195 0.416107 -0.225276 0.0835008 0.205803 0.159949 -0.01628 -0.0443308 0.369099 -0.539588 0.160309 -0.0236805 -0.0472617 -0.0910569 0.149661 0.326597 -0.124198 -0.455474 -0.0234199 0.429641 0.0785353 0.0228383 -0.0781182 -0.570856 0.339412 -0.535591 -0.274449 
-0.011581 -0.577306 -0.224184 0.191292 0.24953 0.454533 0.563289 0.148487 0.143403 0.00527808 -0.16703 -0.187214 0.0969443 -0.123755 0.162707 -0.292146 -0.266637 -0.680073 0.0268053 -0.814792 -0.238273 -0.115646 0.0367782 -0.0253252 0.0851844 0.182879 0.163067 -0.370055 0.353034 0.119463 0.198649 0.388401 -0.0175367 -0.149555 0.121883 0.285458 
-0.011581 -0.577306 -0.224184 0.191292 0.24953 0.454533 0.563289 0.148487 0.143403 0.00527808 -0.16703 -0.187214 0.0969443 -0.123755 0.162707 -0.292146 -0.266637 -0.680073 0.0268053 -0.814792 -0.238273 -0.115646 0.0367782 -0.0253252 0.0851844 0.182879 0.163067 -0.370055 0.353034 0.119463 0.198649 0.388401 -0.0175367 -0.149555 0.121883 0.285458 
0.209389 -0.404358 -0.452384 -0.226913 0.30386 0.385652 0.537007 0.105386 -0.381168 0.107376 -0.465894 0.0140837 0.275664 0.0802791 0.0824533 -0.259099 -0.0322534 -0.281281 0.183349 -0.881774 -0.133359 0.136237 0.326921 -0.271342 0.051624 0.126812 0.386523 -0.201656 0.290628 -0.027708 -0.0288477 0.408441 0.336534 -0.0843662 -0.0366388 -0.0330047 
0.1258 -0.572369 -0.463018 -0.173264 0.0188166 0.324323 0.475578 0.0310473 -0.200245 0.0499769 -0.496786 0.239068 -0.0821715 -0.0065804 0.00404984 -0.192364 -0.167093 -0.435918 0.104651 -0.86052 0.157753 0.175459 0.360578 -0.359885 0.389239 0.0144789 0.390585 -0.0442135 0.185604 -0.0543075 0.286767 0.306059 0.416104 -0.244736 0.108271 0.0222338 
0.1258 -0.572369 -0.463018 -0.173264 0.0188166 0.324323 0.475578 0.0310473 -0.200245 0.0499769 -0.496786 0.239068 -0.0821715 -0.0065804 0.00404984 -0.192364 -0.167093 -0.435918 0.104651 -0.86052 0.157753 0.175459 0.360578 -0.359885 0.389239 0.0144789 0.390585 -0.0442135 0.185604 -0.0543075 0.286767 0.306059 0.416104 -0.244736 0.108271 0.0222338 
0.1258 -0.572369 -0.463018 -0.173264 0.0188166 0.324323 0.475578 0.0310473 -0.200245 0.0499769 -0.496786 0.239068 -0.0821715 -0.0065804 0.00404984 -0.192364 -0.167093 -0.435918 0.104651 -0.86052 0.157753 0.175459 0.360578 -0.359885 0.389239 0.0144789 0.390585 -0.0442135 0.185604 -0.0543075 0.286767 0.306059 0.416104 -0.244736 0.108271 0.0222338 
0.339207 -0.0833239 -0.0514632 0.0412377 0.114028 0.246263 0.318218 -0.137669 -0.111016 -0.203234 0.351007 -0.0753693 -0.283769 0.230767 -0.0337607 -0.480463 -0.0107934 -0.240177 0.115929 -0.188906 -0.468068 0.0656824 -0.404017 -0.415926 -0.276647 0.183634 -0.113935 -0.145152 0.215816 0.139071 0.0269895 0.288865 0.538759 0.336415 -0.409534 0.507972 
0.339207 -0.0833239 -0.0514632 0.0412377 0.114028 0.246263 0.318218 -0.137669 -0.111016 -0.203234 0.351007 -0.0753693 -0.283769 0.230767 -0.0337607 -0.480463 -0.0107934 -0.240177 0.115929 -0.188906 -0.468068 0.0656824 -0.404017 -0.415926 -0.276647 0.183634 -0.113935 -0.145152 0.215816 0.139071 0.0269895 0.288865 0.538759 0.336415 -0.409534 0.507972 
0.339207 -0.0833239 -0.0514632 0.0412377 0.114028 0.246263 0.318218 -0.137669 -0.111016 -0.203234 0.351007 -0.0753693 -0.283769 0.230767 -0.0337607 -0.480463 -0.0107934 -0.240177 0.115929 -0.188906 -0.468068 0.0656824 -0.404017 -0.415926 -0.276647 0.183634 -0.113935 -0.145152 0.215816 0.139071 0.0269895 0.288865 0.538759 0.336415 -0.409534 0.507972 
0.210086 -0.141223 -0.0851469 0.00655614 0.0849772 0.355476 0.271475 -0.245017 0.0895197 -0.168148 0.353527 -0.496959 -0.2381 0.278878 -0.00965971 -0.495615 0.0966813 -0.235247 -0.0010376 -0.208738 -0.474422 0.167165 -0.267562 -0.495754 -0.252144 0.15176 -0.172644 -0.228259 0.313089 -0.101165 0.179127 0.295251 0.522907 0.379977 -0.319246 0.483927 
0.210086 -0.141223 -0.0851469 0.00655614 0.0849772 0.355476 0.271475 -0.245017 0.0895197 -0.168148 0.353527 -0.496959 -0.2381 0.278878 -0.00965971 -0.495615 0.0966813 -0.235247 -0.0010376 -0.208738 -0.474422 0.167165 -0.267562 -0.495754 -0.252144 0.15176 -0.172644 -0.228259 0.313089 -0.101165 0.179127 0.295251 0.522907 0.379977 -0.319246 0.483927 
0.210086 -0.141223 -0.0851469 0.00655614 0.0849772 0.355476 0.271475 -0.245017 0.0895197 -0.168148 0.353527 -0.496959 -0.2381 0.278878 -0.00965971 -0.495615 0.0966813 -0.235247 -0.0010376 -0.208738 -0.474422 0.167165 -0.267562 -0.495754 -0.252144 0.15176 -0.172644 -0.228259 0.313089 -0.101165 0.179127 0.295251 0.522907 0.379977 -0.319246 0.483927 
0.210086 -0.141223 -0.0851469 0.00655614 0.0849772 0.355476 0.271475 -0.245017 0.0895197 -0.168148 0.353527 -0.496959 -0.2381 0.278878 -0.00965971 -0.495615 0.0966813 -0.235247 -0.0010376 -0.208738 -0.474422 0.167165 -0.267562 -0.495754 -0.252144 0.15176 -0.172644 -0.228259 0.313089 -0.101165 0.179127 0.295251 0.522907 0.379977 -0.319246 0.483927 
0.210086 -0.141223 -0.0851469 0.00655614 0.0849772 0.355476 0.271475 -0.245017 0.0895197 -0.168148 0.353527 -0.496959 -0.2381 0.278878 -0.00965971 -0.495615 0.0966813 -0.235247 -0.0010376 -0.208738 -0.474422 0.167165 -0.267562 -0.495754 -0.252144 0.15176 -0.172644 -0.228259 0.313089 -0.101165 0.179127 0.295251 0.522907 0.379977 -0.319246 0.483927 
0.210086 -0.141223 -0.0851469 0.00655614 0.0849772 0.355476 0.271475 -0.245017 0.0895197 -0.168148 0.353527 -0.496959 -0.2381 0.278878 -0.00965971 -0.495615 0.0966813 -0.235247 -0.0010376 -0.208738 -0.474422 0.167165 -0.267562 -0.495754 -0.252144 0.15176 -0.172644 -0.228259 0.313089 -0.101165 0.179127 0.295251 0.522907 0.379977 -0.319246 0.483927 
0.210086 -0.141223 -0.0851469 0.00655614 0.0849772 0.355476 0.271475 -0.245017 0.0895197 -0.168148 0.353527 -0.496959 -0.2381 0.278878 -0.00965971 -0.495615 0.0966813 -0.235247 -0.0010376 -0.208738 -0.474422 0.167165 -0.267562 -0.495754 -0.252144 0.15176 -0.172644 -0.228259 0.313089 -0.101165 0.179127 0.295251 0.522907 0.379977 -0.319246 0.483927 
0.210086 -0.141223 -0.0851469 0.00655614 0.0849772 0.355476 0.271475 -0.245017 0.0895197 -0.168148 0.353527 -0.496959 -0.2381 0.278878 -0.00965971 -0.495615 0.0966813 -0.235247 -0.0010376 -0.208738 -0.474422 0.167165 -0.267562 -0.495754 -0.252144 0.15176 -0.172644 -0.228259 0.313089 -0.101165 0.179127 0.295251 0.522907 0.379977 -0.319246 0.483927 
0.10785 0.338825 -0.0114791 0.36216 -0.412232 -0.13381 0.164708 -0.135325 0.414277 0.00701391 0.247246 -0.150391 -0.268673 0.407542 0.324399 -0.548062 0.163437 -0.123144 0.509426 -0.0654104 -0.0674694 0.362641 -0.00271114 -0.656131 -0.0808481 0.377932 -0.152958 -0.320765 0.229791 0.0668951 0.441505 0.291658 0.286756 -0.0401804 0.0416114 0.435527 
0.10785 0.338825 -0.0114791 0.36216 -0.412232 -0.13381 0.164708 -0.135325 0.414277 0.00701391 0.247246 -0.150391 -0.268673 0.407542 0.324399 -0.548062 0.163437 -0.123144 0.509426 -0.0654104 -0.0674694 0.362641 -0.00271114 -0.656131 -0.0808481 0.377932 -0.152958 -0.320765 0.229791 0.0668951 0.441505 0.291658 0.286756 -0.0401804 0.0416114 0.435527 
0.10785 0.338825 -0.0114791 0.36216 -0.412232 -0.13381 0.164708 -0.135325 0.414277 0.00701391 0.247246 -0.150391 -0.268673 0.407542 0.324399 -0.548062 0.163437 -0.123144 0.509426 -0.0654104 -0.0674694 0.362641 -0.00271114 -0.656131 -0.0808481 0.377932 -0.152958 -0.320765 0.229791 0.0668951 0.441505 0.291658 0.286756 -0.0401804 0.0416114 0.435527 
0.10785 0.338825 -0.0114791 0.36216 -0.412232 -0.13381 0.164708 -0.135325 0.414277 0.00701391 0.247246 -0.150391 -0.268673 0.407542 0.324399 -0.548062 0.163437 -0.123144 0.509426 -0.0654104 -0.0674694 0.362641 -0.00271114 -0.656131 -0.0808481 0.377932 -0.152958 -0.320765 0.229791 0.0668951 0.441505 0.291658 0.286756 -0.0401804 0.0416114 0.435527 
0.368227 -0.0889175 -0.495854 0.498999 -0.576283 0.00393265 0.282582 0.0746919 -0.0753231 -0.222776 0.518789 -0.120471 -0.066237 0.0475853 0.478751 -0.494546 0.253083 0.174731 0.497283 -0.012111 -0.0609756 -0.169738 0.233464 -0.474882 0.194307 0.19352 -0.110149 -0.0417167 0.530951 0.11508 0.359765 0.336313 0.186112 0.22798 0.0624061 0.294733 
0.521364 -0.394856 -0.200985 0.371587 -0.332106 -0.0493056 0.347672 -0.0913939 -0.493805 -0.261613 0.406114 -0.330763 -0.0015695 -0.0536256 0.258078 -0.349296 -0.0633174 0.40748 0.485447 0.270862 -0.158927 0.0164927 0.298533 -0.571207 0.126432 0.321024 -0.20536 -0.0335455 0.652254 0.240372 0.137547 0.390762 0.378967 0.247506 0.395058 0.395828 
0.398135 -0.244259 0.00850429 0.304121 -0.139415 0.328833 -0.057936 0.345449 0.0305786 0.310868 0.403998 -0.360284 0.195723 0.589382 0.542334 0.343568 0.0059304 0.40567 0.0989896 0.144203 -0.0403153 0.126014 -0.569854 0.217495 -0.0485781 -0.226139 0.102911 -0.27473 0.469677 0.604765 0.0261889 0.176545 0.241871 -0.0310451 -0.192027 0.483035 
0.398135 -0.244259 0.00850429 0.304121 -0.139415 0.328833 -0.057936 0.345449 0.0305786 0.310868 0.403998 -0.360284 0.195723 0.589382 0.542334 0.343568 0.0059304 0.40567 0.0989896 0.144203 -0.0403153 0.126014 -0.569854 0.217495 -0.0485781 -0.226139 0.102911 -0.27473 0.469677 0.604765 0.0261889 0.176545 0.241871 -0.0310451 -0.192027 0.483035 
0.490653 0.029366 -0.121633 -0.314111 -0.13973 0.460622 0.202109 0.0230099 -0.256982 -0.019845 0.412559 -0.439831 0.208159 0.116728 0.205599 0.177495 -0.180429 -0.0495144 -0.0307914 0.115417 0.205148 0.407304 -0.236374 -0.444829 -0.0557998 0.111916 -0.463265 -0.0860441 -0.104866 -0.0672337 0.000840834 -0.173175 0.213366 -0.124538 0.0117084 0.61096 
0.392846 -0.0431892 -0.049364 -0.256459 -0.153967 0.299366 0.246085 0.106964 -0.310107 0.0173244 0.472705 -0.431756 0.209878 0.130194 0.249422 0.289532 -0.318436 -0.0273796 0.0324122 0.150856 0.0151078 0.275124 -0.283631 -0.411911 -0.0389474 0.0538188 -0.462018 -0.226675 -0.0956322 0.0167434 0.0119554 -0.213744 0.0658299 -0.0244281 -0.146921 0.656589 
0.50039 0.195954 -0.185693 -0.0845208 -0.296752 0.368145 0.359212 0.128083 -0.019329 -0.0577009 0.137243 -0.274185 0.120794 0.311123 -0.216277 0.105959 -0.141429 0.300844 -0.25947 0.0162625 0.211949 -0.2015 -0.185511 -0.255283 0.190025 -0.269339 -0.434582 -0.425214 -0.131945 -0.0193265 -0.0521431 -0.0255832 0.133418 -0.064216 0.133379 0.1506 
0.50039 0.195954 -0.185693 -0.0845208 -0.296752 0.368145 0.359212 0.128083 -0.019329 -0.0577009 0.137243 -0.274185 0.120794 0.311123 -0.216277 0.105959 -0.141429 0.300844 -0.25947 0.0162625 0.211949 -0.2015 -0.185511 -0.255283 0.190025 -0.269339 -0.434582 -0.425214 -0.131945 -0.0193265 -0.0521431 -0.0255832 0.133418 -0.064216 0.133379 0.1506 
0.101567 -0.264953 -0.120289 0.325469 -0.181168 -0.584265 0.0561757 -0.357871 -0.218758 0.13946 -0.152548 0.0664579 -0.0489063 0.0265867 -0.434792 -0.441836 -0.0684146 0.158123 0.432968 0.44274 0.314606 0.133976 0.388085 0.212987 -0.179447 -0.302981 0.153124 -0.307271 -0.0441798 0.117256 0.117936 0.328918 0.0563339 0.205477 0.450685 0.133307 
0.101567 -0.264953 -0.120289 0.325469 -0.181168 -0.584265 0.0561757 -0.357871 -0.218758 0.13946 -0.152548 0.0664579 -0.0489063 0.0265867 -0.434792 -0.441836 -0.0684146 0.158123 0.432968 0.44274 0.314606 0.133976 0.388085 0.212987 -0.179447 -0.302981 0.153124 -0.307271 -0.0441798 0.117256 0.117936 0.328918 0.0563339 0.205477 0.450685 0.133307 
0.101567 -0.264953 -0.120289 0.325469 -0.181168 -0.584265 0.0561757 -0.357871 -0.218758 0.13946 -0.152548 0.0664579 -0.0489063 0.0265867 -0.434792 -0.441836 -0.0684146 0.158123 0.432968 0.44274 0.314606 0.133976 0.388085 0.212987 -0.179447 -0.302981 0.153124 -0.307271 -0.0441798 0.117256 0.117936 0.328918 0.0563339 0.205477 0.450685 0.133307 
-0.242499 -0.232923 0.0712897 0.532757 -0.268081 -0.480022 -0.138682 -0.569484 -0.551832 0.126753 -0.248368 0.195547 -0.347124 -0.415624 -0.188765 -0.369497 -0.181439 -0.0677896 0.368996 0.365987 0.68223 0.312478 0.3202 0.26493 -0.578233 -0.419418 -0.0639529 -0.199813 0.117234 -0.585502 0.453258 0.0346453 0.0452939 0.222506 0.538064 0.412029 
-0.286464 -0.237972 0.115549 0.493563 -0.00929801 -0.434465 -0.239375 -0.685871 -0.643271 0.162409 -0.371644 0.0950878 -0.280747 -0.19201 -0.327446 -0.228579 -0.0655066 -0.0144534 0.539631 0.376033 0.682979 0.222786 0.207305 0.141731 -0.364517 -0.220254 -0.174236 0.0592751 0.0303198 -0.472096 0.380337 0.127352 -0.0558825 0.252438 0.52542 0.231553 
0.105783 0.419012 0.443188 -0.34118 -0.14165 0.00989895 0.0782496 0.339152 0.0452686 -0.748936 -0.187617 -0.341749 0.0754368 0.127725 0.507597 0.449672 0.0679088 -0.105114 0.1126 0.156679 0.129854 0.071568 0.13782 -0.0677157 0.0536053 -0.190513 -0.13009 -0.400572 -0.295468 0.161714 0.336798 0.243439 -0.491187 0.39444 -0.561277 -0.487984 
0.105783 0.419012 0.443188 -0.34118 -0.14165 0.00989895 0.0782496 0.339152 0.0452686 -0.748936 -0.187617 -0.341749 0.0754368 0.127725 0.507597 0.449672 0.0679088 -0.105114 0.1126 0.156679 0.129854 0.071568 0.13782 -0.0677157 0.0536053 -0.190513 -0.13009 -0.400572 -0.295468 0.161714 0.336798 0.243439 -0.491187 0.39444 -0.561277 -0.487984 
0.105783 0.419012 0.443188 -0.34118 -0.14165 0.00989895 0.0782496 0.339152 0.0452686 -0.748936 -0.187617 -0.341749 0.0754368 0.127725 0.507597 0.449672 0.0679088 -0.105114 0.1126 0.156679 0.129854 0.071568 0.13782 -0.0677157 0.0536053 -0.190513 -0.13009 -0.400572 -0.295468 0.161714 0.336798 0.243439 -0.491187 0.39444 -0.561277 -0.487984 
0.105783 0.419012 0.443188 -0.34118 -0.14165 0.00989895 0.0782496 0.339152 0.0452686 -0.748936 -0.187617 -0.341749 0.0754368 0.127725 0.507597 0.449672 0.0679088 -0.105114 0.1126 0.156679 0.129854 0.071568 0.13782 -0.0677157 0.0536053 -0.190513 -0.13009 -0.400572 -0.295468 0.161714 0.336798 0.243439 -0.491187 0.39444 -0.561277 -0.487984 
-0.0889006 0.123926 0.303079 -0.149694 -0.453748 0.0614474 0.140527 0.218316 -0.0662497 -0.516615 -0.0349284 -0.164535 -0.211794 0.169567 0.20491 0.565671 0.40287 0.0369349 -0.304738 0.212381 -0.230293 0.0580128 0.0593302 -0.265478 -0.0704722 -0.121398 0.0291804 -0.281253 -0.604512 -0.0417201 0.224223 0.130478 -0.40433 0.367614 -0.668168 -0.362224 
-0.398712 0.656197 0.188162 -0.280154 -0.198178 -0.278428 -0.195095 0.0710438 -0.472541 -0.0600797 0.022581 -0.166875 -0.108536 0.137222 0.333702 0.340191 0.279872 -0.315645 -0.238196 0.193376 -0.145052 0.386529 0.00386681 -0.170817 0.108962 -0.0527817 -0.0299673 -0.285899 0.0783932 -0.558709 0.438067 -0.0233605 -0.252745 -0.0343091 0.414844 0.13351 
-0.34132 0.416395 0.18825 0.523021 -0.377214 0.0353639 -0.0931399 -0.399189 -0.508659 -0.385622 -0.325616 -0.128648 -0.273962 0.255754 0.377772 0.178052 0.168378 -0.429691 -0.144298 0.0506547 -0.223457 0.0925467 -0.241848 -0.185544 0.280735 -0.214314 -0.156858 -0.35523 -0.552202 -0.379092 0.305438 -0.131108 0.0867768 -0.0488676 0.392248 0.326203 
-0.366349 0.348946 0.209332 -0.145081 0.00691162 -0.0828297 -0.163735 -0.583556 -0.17228 -0.159374 0.373282 0.285989 -0.4371 -0.105749 -0.0608834 0.41619 0.228323 0.181614 0.155968 -0.54958 0.144724 0.551544 -0.168212 -0.210181 -0.0534037 -0.0554193 -0.0655458 -0.657352 -0.0313635 0.0146544 0.0651228 0.0579731 0.310425 0.259918 0.304742 -0.0615609 
-0.456827 0.266809 0.228783 0.0671335 -0.104249 0.00526164 -0.0382456 -0.538593 -0.0889407 -0.216559 0.281467 0.0571112 -0.36966 -0.32811 -0.182658 0.462123 0.0819325 0.142979 0.141812 -0.533025 0.083156 0.576327 -0.0986386 -0.229767 0.180982 0.0355244 -0.105008 -0.669415 -0.191981 0.00407054 -0.0218138 -0.0288831 0.251894 0.0715443 0.399673 -0.0366724 
-0.154275 0.00763833 0.522459 0.332721 -0.613398 -0.498854 -0.230608 -0.0686845 -0.373781 0.123666 0.0630268 0.369351 0.101651 -0.159614 -0.104833 0.240114 -0.167169 -0.240261 -0.456659 -0.337319 0.449349 0.478585 -0.0650914 -0.777108 -0.6287 0.0863506 -0.136055 -0.268647 0.114001 -0.591369 0.506196 -0.37894 0.261878 0.278455 -0.0117853 -0.544365 
-0.326805 0.443518 -0.50422 0.198932 -0.141158 -0.412831 0.102002 -0.270576 -0.656374 -0.145336 -0.615577 0.378668 -0.0383931 -0.0615242 0.00668085 0.0866477 0.32597 -0.179425 0.164108 0.0131406 0.22127 0.0340397 -0.153979 0.0307015 0.41008 0.138241 -0.559239 -0.185915 -0.197746 -0.450612 -0.263826 0.158877 0.315462 -0.511588 0.357998 0.25514 
-0.326805 0.443518 -0.50422 0.198932 -0.141158 -0.412831 0.102002 -0.270576 -0.656374 -0.145336 -0.615577 0.378668 -0.0383931 -0.0615242 0.00668085 0.0866477 0.32597 -0.179425 0.164108 0.0131406 0.22127 0.0340397 -0.153979 0.0307015 0.41008 0.138241 -0.559239 -0.185915 -0.197746 -0.450612 -0.263826 0.158877 0.315462 -0.511588 0.357998 0.25514 
-0.0525027 0.108281 0.510343 0.463733 -0.168443 0.0578948 -0.455784 -0.218137 -0.196016 0.208658 -0.396359 0.205794 0.0174841 -0.225165 -0.373172 0.195316 0.186194 0.0520897 0.259783 0.49611 0.188701 0.229603 -0.0290022 -0.337427 -0.0899972 -0.171172 -0.250342 -0.00492338 -0.244326 0.286315 0.301802 0.25498 0.373917 0.0950291 -0.127589 0.287767 
0.0814584 -0.226177 0.34062 0.346585 -0.142251 -0.0856493 -0.00638689 -0.325702 -0.258046 0.17253 -0.328336 -0.0727424 -0.191252 -0.34929 -0.427757 -0.00173566 0.0481833 0.0508125 0.233234 0.52425 0.337255 -0.290464 0.0666168 -0.17926 -0.137686 -0.527831 0.0755751 -0.144525 0.210653 0.145553 -0.328641 0.333003 0.0971148 0.215558 -0.11205 0.458506 
0.0814584 -0.226177 0.34062 0.346585 -0.142251 -0.0856493 -0.00638689 -0.325702 -0.258046 0.17253 -0.328336 -0.0727424 -0.191252 -0.34929 -0.427757 -0.00173566 0.0481833 0.0508125 0.233234 0.52425 0.337255 -0.290464 0.0666168 -0.17926 -0.137686 -0.527831 0.0755751 -0.144525 0.210653 0.145553 -0.328641 0.333003 0.0971148 0.215558 -0.11205 0.458506 
0.0814584 -0.226177 0.34062 0.346585 -0.142251 -0.0856493 -0.00638689 -0.325702 -0.258046 0.17253 -0.328336 -0.0727424 -0.191252 -0.34929 -0.427757 -0.00173566 0.0481833 0.0508125 0.233234 0.52425 0.337255 -0.290464 0.0666168 -0.17926 -0.137686 -0.527831 0.0755751 -0.144525 0.210653 0.145553 -0.328641 0.333003 0.0971148 0.215558 -0.11205 0.458506 
0.0814584 -0.226177 0.34062 0.346585 -0.142251 -0.0856493 -0.00638689 -0.325702 -0.258046 0.17253 -0.328336 -0.0727424 -0.191252 -0.34929 -0.427757 -0.00173566 0.0481833 0.0508125 0.233234 0.52425 0.337255 -0.290464 0.0666168 -0.17926 -0.137686 -0.527831 0.0755751 -0.144525 0.210653 0.145553 -0.328641 0.333003 0.0971148 0.215558 -0.11205 0.458506 
0.0417847 -0.372005 0.449513 0.192882 -0.126896 -0.122658 -0.108661 -0.27799 -0.285831 0.115083 -0.442276 0.0980316 -0.111715 -0.450233 -0.775251 0.036815 0.251047 0.0917796 -0.0525489 0.587081 0.0352684 -0.292856 0.0760883 -0.0155695 0.0156543 -0.337578 0.0545697 -0.0813285 0.376418 0.0850282 -0.119992 0.52075 0.00755514 0.0755058 0.138019 0.43512 
0.0417847 -0.372005 0.449513 0.192882 -0.126896 -0.122658 -0.108661 -0.27799 -0.285831 0.115083 -0.442276 0.0980316 -0.111715 -0.450233 -0.775251 0.036815 0.251047 0.0917796 -0.0525489 0.587081 0.0352684 -0.292856 0.0760883 -0.0155695 0.0156543 -0.337578 0.0545697 -0.0813285 0.376418 0.0850282 -0.119992 0.52075 0.00755514 0.0755058 0.138019 0.43512 
0.0417847 -0.372005 0.449513 0.192882 -0.126896 -0.122658 -0.108661 -0.27799 -0.285831 0.115083 -0.442276 0.0980316 -0.111715 -0.450233 -0.775251 0.036815 0.251047 0.0917796 -0.0525489 0.587081 0.0352684 -0.292856 0.0760883 -0.0155695 0.0156543 -0.337578 0.0545697 -0.0813285 0.376418 0.0850282 -0.119992 0.52075 0.00755514 0.0755058 0.138019 0.43512 
0.0417847 -0.372005 0.449513 0.192882 -0.126896 -0.122658 -0.108661 -0.27799 -0.285831 0.115083 -0.442276 0.0980316 -0.111715 -0.450233 -0.775251 0.036815 0.251047 0.0917796 -0.0525489 0.587081 0.0352684 -0.292856 0.0760883 -0.0155695 0.0156543 -0.337578 0.0545697 -0.0813285 0.376418 0.0850282 -0.119992 0.52075 0.00755514 0.0755058 0.138019 0.43512 
0.0287372 -0.369024 0.459631 0.207015 -0.135408 -0.0839278 -0.0948434 -0.2535 -0.27624 0.104483 -0.43723 0.0960227 -0.0997896 -0.45175 -0.79707 0.0245478 0.239533 0.107371 -0.0763181 0.589648 0.0304662 -0.281346 0.0728202 -0.0233224 0.0137934 -0.331744 0.0553952 -0.0749099 0.354201 0.0881909 -0.108995 0.49637 0.024863 0.057601 0.148228 0.410885 
0.0287372 -0.369024 0.459631 0.207015 -0.135408 -0.0839278 -0.0948434 -0.2535 -0.27624 0.104483 -0.43723 0.0960227 -0.0997896 -0.45175 -0.79707 0.0245478 0.239533 0.107371 -0.0763181 0.589648 0.0304662 -0.281346 0.0728202 -0.0233224 0.0137934 -0.331744 0.0553952 -0.0749099 0.354201 0.0881909 -0.108995 0.49637 0.024863 0.057601 0.148228 0.410885 
0.0780406 0.0322814 0.170583 -0.120028 0.380667 -0.575902 -0.0663963 0.0539895 0.0262681 0.365675 -0.222927 -0.0274285 -0.256577 -0.565432 0.116519 0.285041 -0.418843 0.161 0.323787 -0.231674 -0.233249 0.0393607 0.536929 -0.388221 -0.29853 -0.300564 0.372484 0.196333 0.582146 0.445069 0.0205917 0.105051 0.119724 0.377848 0.464836 0.507433 
0.172883 -0.135015 0.0585473 -0.46435 -0.125753 0.112467 0.0755693 -0.314721 0.558791 0.104972 0.0590731 0.439875 0.0125532 0.0387031 -0.293179 0.0166075 0.390536 -0.250316 -0.217858 -0.235728 0.0594668 0.261852 -0.122034 0.592372 -0.105357 -0.112021 -0.380925 0.397239 0.248619 0.176343 -0.196727 0.017237 -0.0857409 0.0979392 -0.123123 0.157319 
0.172883 -0.135015 0.0585473 -0.46435 -0.125753 0.112467 0.0755693 -0.314721 0.558791 0.104972 0.0590731 0.439875 0.0125532 0.0387031 -0.293179 0.0166075 0.390536 -0.250316 -0.217858 -0.235728 0.0594668 0.261852 -0.122034 0.592372 -0.105357 -0.112021 -0.380925 0.397239 0.248619 0.176343 -0.196727 0.017237 -0.0857409 0.0979392 -0.123123 0.157319 
-0.00399205 0.0672058 -0.12328 -0.614214 -0.229118 0.0349843 0.0217607 -0.309855 0.635656 0.0644867 -0.147714 0.080738 -0.180491 -0.0969762 -0.196587 0.0682655 0.035886 -0.0272775 0.336841 0.214021 -0.213968 0.118643 -0.586679 0.345013 -0.434182 0.403896 0.139125 0.348769 0.299955 0.581658 -0.66148 0.497893 0.0178831 0.0277573 0.278179 0.179748 
-0.251317 -0.360374 -0.0548134 -0.247374 0.485609 0.120364 -0.495127 -0.200129 0.150397 0.457939 -0.290272 -0.3972 0.165913 0.0247868 -0.0553487 0.298132 -0.214538 -0.105635 0.327714 0.0687621 0.110713 0.0347392 -0.435914 -0.0841212 -0.239022 -0.0941039 -0.197419 0.246208 -0.0313629 0.402851 -0.161833 0.118117 0.490178 -0.303544 0.0223343 0.346114 
-0.0973867 0.0567385 -0.320327 -0.425505 0.221003 -0.456064 -0.234064 -0.362657 0.714187 0.359102 0.512717 0.0242546 0.3701 -0.26352 -0.298112 0.195511 0.348525 0.0288605 0.16982 -0.261359 -0.239746 0.559253 -0.257688 0.434838 -0.0763059 -0.491629 -0.386984 0.25861 -0.172415 -0.0128893 0.343196 -0.00913153 -0.126043 -0.262363 -0.0578193 -0.164158 
0.255969 0.400431 0.598565 0.640136 -0.539154 0.0456418 0.178301 0.293755 0.446766 0.171247 0.214337 -0.394795 0.41049 -0.241102 0.0696874 0.226279 -0.0178369 0.023467 0.013694 -0.327627 -0.283065 0.675454 -0.537529 0.0652617 0.586241 0.180113 -0.63924 0.198399 0.543619 0.16306 -0.283532 -0.273613 -0.447206 0.0746841 -0.0161758 -0.17525 
0.255969 0.400431 0.598565 0.640136 -0.539154 0.0456418 0.178301 0.293755 0.446766 0.171247 0.214337 -0.394795 0.41049 -0.241102 0.0696874 0.226279 -0.0178369 0.023467 0.013694 -0.327627 -0.283065 0.675454 -0.537529 0.0652617 0.586241 0.180113 -0.63924 0.198399 0.543619 0.16306 -0.283532 -0.273613 -0.447206 0.0746841 -0.0161758 -0.17525 
-0.00246057 0.00920561 0.217013 0.799998 -0.15568 -0.630585 0.248469 0.114705 0.695534 -0.46857 -0.00534221 0.169393 -0.184171 -0.323472 -0.140288 -0.36029 0.110875 0.333323 -0.360516 -0.318929 -0.183829 0.4377 -0.337864 -0.090058 0.488967 0.134229 -0.502474 -0.546853 0.362759 0.361414 -0.16545 -0.383516 -0.718522 -0.196904 0.390164 -0.0252406 
-0.392515 -0.405926 0.51041 0.543828 0.0841276 0.333978 0.35978 0.335781 0.683132 -0.414989 -0.10506 0.226295 -0.240282 -0.77077 -0.739069 -0.45086 -0.243859 -0.128891 -0.363902 -0.649427 -0.576804 0.177121 -0.131692 0.112953 0.474089 0.362227 0.263793 -0.0148133 -0.0753478 -0.0446533 0.117827 -0.41216 -0.0640377 0.0150435 -0.0781326 0.738976 
-0.392515 -0.405926 0.51041 0.543828 0.0841276 0.333978 0.35978 0.335781 0.683132 -0.414989 -0.10506 0.226295 -0.240282 -0.77077 -0.739069 -0.45086 -0.243859 -0.128891 -0.363902 -0.649427 -0.576804 0.177121 -0.131692 0.112953 0.474089 0.362227 0.263793 -0.0148133 -0.0753478 -0.0446533 0.117827 -0.41216 -0.0640377 0.0150435 -0.0781326 0.738976 
-0.491726 -0.453081 0.229151 -0.50769 0.233889 -0.114209 -0.00603277 0.139908 0.471302 -0.118416 0.0798566 -0.117483 -0.243399 -0.236687 -0.594997 -0.329921 0.205652 -0.200373 -0.442071 -0.0527093 -0.332152 0.0584149 -0.402069 0.588486 -0.30884 0.41592 0.0955769 0.515081 0.466819 0.268471 -0.121112 0.396614 -0.250773 0.249369 0.618466 0.296341 
-0.387895 -0.299487 0.123956 -0.304819 0.410899 -0.00924857 0.187133 0.184983 0.557508 -0.221996 -0.0692351 0.0709559 -0.309395 -0.271488 -0.677411 -0.335182 0.156345 -0.189727 -0.456655 0.0374505 -0.257282 0.0774015 -0.379404 0.409773 -0.4427 0.411741 0.0923537 0.463862 0.340069 0.291304 0.0117754 0.327507 -0.248345 0.376221 0.590674 0.296651 
-0.387895 -0.299487 0.123956 -0.304819 0.410899 -0.00924857 0.187133 0.184983 0.557508 -0.221996 -0.0692351 0.0709559 -0.309395 -0.271488 -0.677411 -0.335182 0.156345 -0.189727 -0.456655 0.0374505 -0.257282 0.0774015 -0.379404 0.409773 -0.4427 0.411741 0.0923537 0.463862 0.340069 0.291304 0.0117754 0.327507 -0.248345 0.376221 0.590674 0.296651 
-0.291022 0.122106 -0.112237 -0.00316143 0.208078 0.101677 -0.0219151 -0.0881053 -0.169253 -0.31246 0.0451209 -0.447858 -0.598438 0.12696 -0.0560369 -0.488669 -0.25281 -0.195289 -0.0531407 0.293097 -0.741876 -0.0570538 0.553602 -0.0361454 -0.259037 0.429807 0.231117 0.302306 0.000228709 0.587957 0.430592 0.191295 0.413182 0.21299 0.284107 -0.160025 
-0.267114 0.0470066 0.0119317 -0.0388469 -0.374587 -0.307879 -0.154568 -0.158902 -0.333515 0.172012 0.0807444 -0.072021 -0.264816 0.0406258 -0.0104196 -0.663631 -0.210291 -0.460244 0.195408 0.16961 -0.482181 0.134193 -0.0171691 0.0863259 -0.207234 0.444326 0.320707 -0.420743 -0.439138 0.423189 0.117131 -0.0972741 0.67866 0.046553 0.044483 -0.418839 
-0.267114 0.0470066 0.0119317 -0.0388469 -0.374587 -0.307879 -0.154568 -0.158902 -0.333515 0.172012 0.0807444 -0.072021 -0.264816 0.0406258 -0.0104196 -0.663631 -0.210291 -0.460244 0.195408 0.16961 -0.482181 0.134193 -0.0171691 0.0863259 -0.207234 0.444326 0.320707 -0.420743 -0.439138 0.423189 0.117131 -0.0972741 0.67866 0.046553 0.044483 -0.418839 
-0.267114 0.0470066 0.0119317 -0.0388469 -0.374587 -0.307879 -0.154568 -0.158902 -0.333515 0.172012 0.0807444 -0.072021 -0.264816 0.0406258 -0.0104196 -0.663631 -0.210291 -0.460244 0.195408 0.16961 -0.482181 0.134193 -0.0171691 0.0863259 -0.207234 0.444326 0.320707 -0.420743 -0.439138 0.423189 0.117131 -0.0972741 0.67866 0.046553 0.044483 -0.418839 
-0.267114 0.0470066 0.0119317 -0.0388469 -0.374587 -0.307879 -0.154568 -0.158902 -0.333515 0.172012 0.0807444 -0.072021 -0.264816 0.0406258 -0.0104196 -0.663631 -0.210291 -0.460244 0.195408 0.16961 -0.482181 0.134193 -0.0171691 0.0863259 -0.207234 0.444326 0.320707 -0.420743 -0.439138 0.423189 0.117131 -0.0972741 0.67866 0.046553 0.044483 -0.418839 
-0.267114 0.0470066 0.0119317 -0.0388469 -0.374587 -0.307879 -0.154568 -0.158902 -0.333515 0.172012 0.0807444 -0.072021 -0.264816 0.0406258 -0.0104196 -0.663631 -0.210291 -0.460244 0.195408 0.16961 -0.482181 0.134193 -0.0171691 0.0863259 -0.207234 0.444326 0.320707 -0.420743 -0.439138 0.423189 0.117131 -0.0972741 0.67866 0.046553 0.044483 -0.418839 
-0.267114 0.0470066 0.0119317 -0.0388469 -0.374587 -0.307879 -0.154568 -0.158902 -0.333515 0.172012 0.0807444 -0.072021 -0.264816 0.0406258 -0.0104196 -0.663631 -0.210291 -0.460244 0.195408 0.16961 -0.482181 0.134193 -0.0171691 0.0863259 -0.207234 0.444326 0.320707 -0.420743 -0.439138 0.423189 0.117131 -0.0972741 0.67866 0.046553 0.044483 -0.418839 
-0.37378 -0.0962456 -0.0695422 -0.175038 -0.485454 -0.150043 -0.205141 -0.343047 -0.225856 0.246748 0.138317 0.0386634 -0.311079 0.118458 0.0736007 -0.603833 -0.139937 -0.377804 0.281123 0.0779256 -0.544777 0.15337 0.0521005 0.0211021 -0.314817 0.30643 0.230516 -0.446638 -0.388621 0.38461 0.27024 -0.212915 0.637127 -0.139923 0.0320242 -0.414001 
-0.475539 -0.318981 0.0631761 -0.196946 -0.433081 -0.408302 0.267592 -0.279585 -0.173209 0.511058 0.380592 -0.0479472 -0.0457332 0.0652582 0.28199 -0.705783 -0.327422 -0.117181 0.312218 0.0251348 -0.286631 0.300628 0.142203 -0.342097 0.111847 0.388736 -0.0934215 -0.492695 -0.144997 0.55949 0.449716 -0.111108 0.638944 -0.511324 -0.0053199 -0.208349 
